Sistemas = 000003890
Spikes 	 Durations 
169.0 	33.0 
6.0 	4.0 
8.0 	5.0 
1.0 	1.0 
2.0 	2.0 
12.0 	8.0 
136.0 	22.0 
3.0 	3.0 
1.0 	1.0 
1.0 	1.0 
534.0 	80.0 
1.0 	1.0 
4.0 	4.0 
1.0 	1.0 
65.0 	20.0 
128.0 	24.0 
1.0 	1.0 
10.0 	7.0 
12.0 	6.0 
4.0 	3.0 
69.0 	18.0 
3.0 	2.0 
12.0 	6.0 
26.0 	11.0 
17.0 	10.0 
1.0 	1.0 
2.0 	2.0 
92.0 	20.0 
42.0 	17.0 
49.0 	17.0 
7.0 	5.0 
3.0 	3.0 
1.0 	1.0 
4.0 	2.0 
1.0 	1.0 
11.0 	6.0 
2.0 	2.0 
7.0 	5.0 
1.0 	1.0 
5.0 	3.0 
1.0 	1.0 
13.0 	8.0 
6.0 	4.0 
8.0 	6.0 
42.0 	9.0 
1.0 	1.0 
47.0 	21.0 
1.0 	1.0 
1.0 	1.0 
3.0 	3.0 
1.0 	1.0 
813950168.0 	1000000.0 
813109219.0 	1000000.0 
64.0 	25.0 
2.0 	2.0 
3.0 	3.0 
12.0 	5.0 
1.0 	1.0 
815183229.0 	1000000.0 
8.0 	6.0 
170.0 	32.0 
1.0 	1.0 
483.0 	77.0 
4.0 	3.0 
813153174.0 	1000000.0 
813057673.0 	1000000.0 
1.0 	1.0 
3.0 	3.0 
1.0 	1.0 
80.0 	25.0 
3.0 	3.0 
207.0 	40.0 
304.0 	46.0 
7.0 	5.0 
5.0 	4.0 
813927139.0 	1000000.0 
1.0 	1.0 
81.0 	23.0 
814147308.0 	1000000.0 
114.0 	33.0 
92.0 	24.0 
8.0 	4.0 
814379016.0 	1000000.0 
1.0 	1.0 
1.0 	1.0 
31.0 	19.0 
287.0 	37.0 
1.0 	1.0 
145.0 	33.0 
19.0 	10.0 
21.0 	9.0 
14.0 	7.0 
61.0 	22.0 
12.0 	8.0 
19.0 	9.0 
812954628.0 	1000000.0 
1.0 	1.0 
146.0 	25.0 
4720.0 	250.0 
813639654.0 	1000000.0 
812293627.0 	1000000.0 
814269319.0 	1000000.0 
1.0 	1.0 
1.0 	1.0 
814581647.0 	1000000.0 
7.0 	5.0 
815014116.0 	1000000.0 
5.0 	4.0 
1.0 	1.0 
2.0 	2.0 
815247928.0 	1000000.0 
814340531.0 	1000000.0 
1.0 	1.0 
4.0 	3.0 
1.0 	1.0 
26.0 	13.0 
814858504.0 	1000000.0 
1.0 	1.0 
4.0 	4.0 
813843129.0 	1000000.0 
34.0 	18.0 
814579670.0 	1000000.0 
9.0 	7.0 
2.0 	2.0 
4.0 	4.0 
1.0 	1.0 
3004.0 	176.0 
815204760.0 	1000000.0 
1.0 	1.0 
1.0 	1.0 
8.0 	5.0 
1.0 	1.0 
2.0 	2.0 
2.0 	2.0 
1.0 	1.0 
1.0 	1.0 
2.0 	2.0 
7.0 	3.0 
7.0 	5.0 
1.0 	1.0 
9.0 	4.0 
813988731.0 	1000000.0 
4.0 	4.0 
813281879.0 	1000000.0 
11.0 	3.0 
171.0 	39.0 
293.0 	53.0 
2.0 	2.0 
31.0 	14.0 
3.0 	3.0 
1.0 	1.0 
3.0 	3.0 
51.0 	19.0 
6.0 	3.0 
813424428.0 	1000000.0 
1.0 	1.0 
813813936.0 	1000000.0 
813453762.0 	1000000.0 
3.0 	2.0 
50.0 	13.0 
1.0 	1.0 
7.0 	3.0 
1.0 	1.0 
2.0 	2.0 
158.0 	27.0 
1.0 	1.0 
1.0 	1.0 
2.0 	2.0 
815203379.0 	1000000.0 
2.0 	2.0 
814420816.0 	1000000.0 
2.0 	2.0 
1.0 	1.0 
1.0 	1.0 
1.0 	1.0 
1.0 	1.0 
812676539.0 	1000000.0 
2.0 	2.0 
1.0 	1.0 
2.0 	2.0 
5.0 	4.0 
814044429.0 	1000000.0 
3.0 	3.0 
4.0 	4.0 
3.0 	3.0 
94.0 	22.0 
1.0 	1.0 
5.0 	5.0 
1.0 	1.0 
22.0 	12.0 
10.0 	6.0 
814528443.0 	1000000.0 
492.0 	68.0 
7.0 	5.0 
813681722.0 	1000000.0 
1.0 	1.0 
31.0 	13.0 
24.0 	12.0 
959.0 	99.0 
1.0 	1.0 
1.0 	1.0 
813914368.0 	1000000.0 
1.0 	1.0 
814009189.0 	1000000.0 
6.0 	4.0 
4.0 	2.0 
813656292.0 	1000000.0 
4.0 	3.0 
47.0 	14.0 
6.0 	4.0 
48.0 	18.0 
1.0 	1.0 
2.0 	2.0 
812417684.0 	1000000.0 
1.0 	1.0 
2.0 	2.0 
813660378.0 	1000000.0 
99.0 	23.0 
2.0 	2.0 
814479236.0 	1000000.0 
121.0 	24.0 
813929590.0 	1000000.0 
1.0 	1.0 
124.0 	27.0 
51.0 	12.0 
1.0 	1.0 
1.0 	1.0 
111.0 	21.0 
15.0 	9.0 
1.0 	1.0 
3.0 	3.0 
814912054.0 	1000000.0 
6.0 	4.0 
16.0 	11.0 
1.0 	1.0 
1.0 	1.0 
354.0 	51.0 
7.0 	4.0 
1.0 	1.0 
812063475.0 	1000000.0 
813911592.0 	1000000.0 
9.0 	8.0 
305.0 	56.0 
1.0 	1.0 
1.0 	1.0 
8.0 	6.0 
3.0 	3.0 
2.0 	2.0 
36.0 	14.0 
14.0 	8.0 
7.0 	5.0 
93.0 	21.0 
3.0 	3.0 
1.0 	1.0 
3.0 	2.0 
170.0 	32.0 
2.0 	2.0 
2.0 	2.0 
814140287.0 	1000000.0 
6.0 	5.0 
3.0 	3.0 
3.0 	3.0 
21.0 	11.0 
7.0 	4.0 
37.0 	13.0 
1.0 	1.0 
42.0 	17.0 
44.0 	16.0 
1.0 	1.0 
1.0 	1.0 
813835401.0 	1000000.0 
5.0 	4.0 
812316448.0 	1000000.0 
815535694.0 	1000000.0 
1.0 	1.0 
224.0 	38.0 
813050643.0 	1000000.0 
20.0 	9.0 
2.0 	2.0 
1.0 	1.0 
4.0 	3.0 
37.0 	14.0 
1.0 	1.0 
4.0 	4.0 
1.0 	1.0 
16.0 	6.0 
1.0 	1.0 
3.0 	3.0 
1.0 	1.0 
1.0 	1.0 
1.0 	1.0 
30.0 	12.0 
2.0 	2.0 
2.0 	2.0 
26.0 	10.0 
3.0 	3.0 
235.0 	32.0 
1.0 	1.0 
1.0 	1.0 
1.0 	1.0 
34.0 	18.0 
5.0 	5.0 
5.0 	4.0 
1.0 	1.0 
1.0 	1.0 
2.0 	2.0 
2.0 	2.0 
1.0 	1.0 
5.0 	5.0 
3.0 	3.0 
814107565.0 	1000000.0 
248.0 	40.0 
1.0 	1.0 
1.0 	1.0 
813834587.0 	1000000.0 
3.0 	3.0 
4.0 	2.0 
1.0 	1.0 
1.0 	1.0 
122.0 	33.0 
1.0 	1.0 
191.0 	43.0 
1.0 	1.0 
1.0 	1.0 
52.0 	13.0 
813355420.0 	1000000.0 
4.0 	3.0 
1.0 	1.0 
814740118.0 	1000000.0 
814175212.0 	1000000.0 
814150901.0 	1000000.0 
17.0 	11.0 
5.0 	4.0 
8.0 	5.0 
813086449.0 	1000000.0 
17.0 	9.0 
30.0 	16.0 
21.0 	12.0 
11.0 	6.0 
1.0 	1.0 
3.0 	3.0 
2.0 	2.0 
10.0 	7.0 
4.0 	3.0 
7.0 	6.0 
3.0 	2.0 
1.0 	1.0 
1.0 	1.0 
1.0 	1.0 
3.0 	2.0 
1267.0 	82.0 
1.0 	1.0 
2020.0 	124.0 
24.0 	8.0 
812839912.0 	1000000.0 
814162874.0 	1000000.0 
108.0 	19.0 
4.0 	4.0 
2.0 	2.0 
20.0 	9.0 
813144513.0 	1000000.0 
428.0 	41.0 
813614211.0 	1000000.0 
7.0 	3.0 
5.0 	5.0 
1.0 	1.0 
814655395.0 	1000000.0 
813093455.0 	1000000.0 
56.0 	15.0 
1.0 	1.0 
814127313.0 	1000000.0 
814330983.0 	1000000.0 
815042723.0 	1000000.0 
28.0 	11.0 
102.0 	17.0 
1.0 	1.0 
816149443.0 	1000000.0 
15.0 	6.0 
3.0 	2.0 
1.0 	1.0 
1.0 	1.0 
14.0 	7.0 
1.0 	1.0 
86.0 	22.0 
18.0 	10.0 
1.0 	1.0 
1.0 	1.0 
510.0 	55.0 
87.0 	32.0 
53.0 	12.0 
9.0 	5.0 
812594599.0 	1000000.0 
1.0 	1.0 
7.0 	5.0 
1.0 	1.0 
814765134.0 	1000000.0 
2.0 	2.0 
5.0 	4.0 
7311.0 	295.0 
137.0 	34.0 
2.0 	2.0 
4.0 	3.0 
1.0 	1.0 
21.0 	7.0 
308.0 	49.0 
3.0 	3.0 
1.0 	1.0 
814509694.0 	1000000.0 
1.0 	1.0 
1.0 	1.0 
11.0 	5.0 
565.0 	72.0 
8.0 	4.0 
19.0 	10.0 
10.0 	6.0 
31.0 	12.0 
1.0 	1.0 
192.0 	29.0 
813761119.0 	1000000.0 
2.0 	2.0 
10.0 	7.0 
5.0 	3.0 
25.0 	10.0 
1.0 	1.0 
414.0 	49.0 
1.0 	1.0 
31.0 	8.0 
1.0 	1.0 
13.0 	7.0 
13.0 	9.0 
813498121.0 	1000000.0 
1.0 	1.0 
1.0 	1.0 
1.0 	1.0 
1.0 	1.0 
813323010.0 	1000000.0 
3.0 	3.0 
1.0 	1.0 
243.0 	52.0 
2.0 	2.0 
1.0 	1.0 
127.0 	27.0 
1.0 	1.0 
2.0 	2.0 
1.0 	1.0 
2.0 	2.0 
814243359.0 	1000000.0 
1.0 	1.0 
1.0 	1.0 
812807513.0 	1000000.0 
8.0 	4.0 
4.0 	3.0 
822.0 	98.0 
4.0 	3.0 
813949946.0 	1000000.0 
29.0 	14.0 
8.0 	4.0 
426.0 	58.0 
3.0 	2.0 
4.0 	3.0 
814476630.0 	1000000.0 
2.0 	2.0 
1.0 	1.0 
6.0 	4.0 
3.0 	3.0 
23.0 	10.0 
6.0 	4.0 
106.0 	20.0 
10.0 	5.0 
23.0 	11.0 
2.0 	2.0 
1.0 	1.0 
4.0 	3.0 
2.0 	2.0 
168.0 	60.0 
1.0 	1.0 
1.0 	1.0 
1.0 	1.0 
4.0 	3.0 
812891063.0 	1000000.0 
812920229.0 	1000000.0 
813921742.0 	1000000.0 
2.0 	2.0 
41.0 	7.0 
5.0 	4.0 
43.0 	16.0 
813762381.0 	1000000.0 
4.0 	2.0 
2.0 	2.0 
26.0 	16.0 
814557320.0 	1000000.0 
72.0 	27.0 
812935542.0 	1000000.0 
1.0 	1.0 
2.0 	2.0 
1.0 	1.0 
160.0 	35.0 
11.0 	7.0 
4.0 	3.0 
3.0 	3.0 
170.0 	32.0 
1.0 	1.0 
12.0 	6.0 
1.0 	1.0 
6.0 	4.0 
30.0 	13.0 
1.0 	1.0 
1.0 	1.0 
1.0 	1.0 
12.0 	7.0 
4.0 	4.0 
186.0 	38.0 
4.0 	3.0 
814177818.0 	1000000.0 
1.0 	1.0 
174.0 	33.0 
135.0 	33.0 
305.0 	48.0 
1.0 	1.0 
2.0 	2.0 
814929771.0 	1000000.0 
243.0 	44.0 
263.0 	41.0 
5.0 	4.0 
2.0 	2.0 
812972528.0 	1000000.0 
1.0 	1.0 
1.0 	1.0 
24.0 	11.0 
1.0 	1.0 
815037711.0 	1000000.0 
4.0 	4.0 
1.0 	1.0 
814652710.0 	1000000.0 
7.0 	5.0 
33.0 	12.0 
8.0 	6.0 
2.0 	2.0 
9.0 	4.0 
2.0 	2.0 
2.0 	2.0 
3.0 	3.0 
7.0 	6.0 
814442400.0 	1000000.0 
2.0 	2.0 
1.0 	1.0 
112.0 	46.0 
39.0 	10.0 
814497682.0 	1000000.0 
2.0 	2.0 
1.0 	1.0 
1.0 	1.0 
2.0 	2.0 
813939600.0 	1000000.0 
18.0 	9.0 
1.0 	1.0 
3.0 	2.0 
9.0 	5.0 
6.0 	5.0 
1.0 	1.0 
813491107.0 	1000000.0 
8.0 	4.0 
156.0 	27.0 
5.0 	4.0 
14.0 	7.0 
812868608.0 	1000000.0 
1.0 	1.0 
3.0 	2.0 
11.0 	6.0 
1.0 	1.0 
1.0 	1.0 
1.0 	1.0 
1.0 	1.0 
1.0 	1.0 
3.0 	3.0 
813105456.0 	1000000.0 
9.0 	5.0 
2.0 	2.0 
814410974.0 	1000000.0 
815171633.0 	1000000.0 
3.0 	3.0 
814216571.0 	1000000.0 
6.0 	5.0 
11.0 	5.0 
20.0 	11.0 
2.0 	2.0 
1.0 	1.0 
1042.0 	121.0 
4.0 	4.0 
1.0 	1.0 
45.0 	15.0 
1.0 	1.0 
3.0 	2.0 
1.0 	1.0 
814916896.0 	1000000.0 
1.0 	1.0 
4.0 	3.0 
3.0 	3.0 
1.0 	1.0 
891.0 	124.0 
1.0 	1.0 
2.0 	2.0 
1.0 	1.0 
813265404.0 	1000000.0 
813521260.0 	1000000.0 
9.0 	7.0 
813006391.0 	1000000.0 
109.0 	21.0 
2.0 	2.0 
813806178.0 	1000000.0 
3.0 	3.0 
9.0 	5.0 
1.0 	1.0 
42.0 	16.0 
1.0 	1.0 
1.0 	1.0 
2.0 	2.0 
3.0 	3.0 
6.0 	4.0 
814203497.0 	1000000.0 
813598880.0 	1000000.0 
247.0 	37.0 
813492025.0 	1000000.0 
347.0 	55.0 
3.0 	3.0 
1.0 	1.0 
1.0 	1.0 
1.0 	1.0 
22.0 	10.0 
813047620.0 	1000000.0 
1.0 	1.0 
2.0 	2.0 
5.0 	3.0 
44.0 	13.0 
1.0 	1.0 
2.0 	2.0 
1.0 	1.0 
5.0 	3.0 
2.0 	2.0 
1.0 	1.0 
138.0 	25.0 
6.0 	5.0 
1.0 	1.0 
1.0 	1.0 
4.0 	2.0 
814753817.0 	1000000.0 
1.0 	1.0 
1.0 	1.0 
180.0 	22.0 
602.0 	74.0 
5.0 	3.0 
1.0 	1.0 
1.0 	1.0 
2.0 	2.0 
814525375.0 	1000000.0 
1.0 	1.0 
1.0 	1.0 
2.0 	2.0 
1.0 	1.0 
2.0 	2.0 
37.0 	11.0 
763.0 	102.0 
54.0 	12.0 
51.0 	13.0 
813222987.0 	1000000.0 
1391.0 	142.0 
1.0 	1.0 
2.0 	2.0 
6.0 	5.0 
14.0 	10.0 
46.0 	17.0 
2.0 	2.0 
2.0 	2.0 
2.0 	2.0 
6.0 	4.0 
5.0 	4.0 
2.0 	2.0 
1.0 	1.0 
1.0 	1.0 
813280507.0 	1000000.0 
4.0 	4.0 
1.0 	1.0 
1.0 	1.0 
813768192.0 	1000000.0 
814605546.0 	1000000.0 
238.0 	29.0 
7.0 	5.0 
6.0 	4.0 
3832.0 	223.0 
55.0 	20.0 
6.0 	5.0 
20.0 	9.0 
2.0 	2.0 
9.0 	4.0 
13.0 	9.0 
32.0 	9.0 
1.0 	1.0 
812716000.0 	1000000.0 
1.0 	1.0 
814084235.0 	1000000.0 
12.0 	8.0 
3.0 	3.0 
1.0 	1.0 
1.0 	1.0 
1.0 	1.0 
6.0 	6.0 
17.0 	9.0 
6.0 	4.0 
343.0 	60.0 
1.0 	1.0 
1.0 	1.0 
1.0 	1.0 
3.0 	2.0 
1.0 	1.0 
1.0 	1.0 
812324586.0 	1000000.0 
4.0 	4.0 
814046600.0 	1000000.0 
9.0 	6.0 
506.0 	77.0 
1.0 	1.0 
3.0 	3.0 
16.0 	8.0 
1.0 	1.0 
2.0 	2.0 
815056989.0 	1000000.0 
814026384.0 	1000000.0 
444.0 	55.0 
1.0 	1.0 
3.0 	3.0 
4.0 	2.0 
1.0 	1.0 
2.0 	2.0 
7.0 	6.0 
4.0 	4.0 
59.0 	20.0 
814226548.0 	1000000.0 
1.0 	1.0 
1.0 	1.0 
1.0 	1.0 
1.0 	1.0 
813254150.0 	1000000.0 
4.0 	3.0 
1.0 	1.0 
2.0 	2.0 
3.0 	3.0 
1727.0 	146.0 
26.0 	9.0 
1.0 	1.0 
813755082.0 	1000000.0 
1.0 	1.0 
4.0 	3.0 
2.0 	2.0 
50.0 	18.0 
2.0 	2.0 
41.0 	17.0 
5.0 	5.0 
813991286.0 	1000000.0 
812887180.0 	1000000.0 
813469313.0 	1000000.0 
24.0 	11.0 
812897980.0 	1000000.0 
8.0 	4.0 
23.0 	8.0 
16.0 	8.0 
814206262.0 	1000000.0 
2.0 	2.0 
37.0 	16.0 
1.0 	1.0 
12.0 	8.0 
3.0 	3.0 
6.0 	3.0 
17.0 	9.0 
813824697.0 	1000000.0 
48.0 	13.0 
15.0 	7.0 
5.0 	5.0 
418.0 	60.0 
5.0 	4.0 
2.0 	2.0 
1.0 	1.0 
24.0 	12.0 
5.0 	3.0 
1.0 	1.0 
1.0 	1.0 
1.0 	1.0 
162.0 	36.0 
11.0 	4.0 
3.0 	3.0 
1.0 	1.0 
1.0 	1.0 
1.0 	1.0 
814237906.0 	1000000.0 
3.0 	2.0 
115.0 	33.0 
9.0 	7.0 
8.0 	7.0 
72.0 	19.0 
4.0 	3.0 
815384930.0 	1000000.0 
1774.0 	128.0 
20.0 	11.0 
812675128.0 	1000000.0 
813482561.0 	1000000.0 
4.0 	4.0 
1.0 	1.0 
2.0 	2.0 
5.0 	3.0 
814242288.0 	1000000.0 
814678361.0 	1000000.0 
137.0 	26.0 
1.0 	1.0 
1.0 	1.0 
1.0 	1.0 
1.0 	1.0 
4.0 	3.0 
5.0 	3.0 
82.0 	28.0 
15.0 	8.0 
1.0 	1.0 
814164673.0 	1000000.0 
2.0 	2.0 
3.0 	3.0 
814086777.0 	1000000.0 
1.0 	1.0 
813672197.0 	1000000.0 
10.0 	8.0 
1.0 	1.0 
813982165.0 	1000000.0 
814341062.0 	1000000.0 
5.0 	3.0 
5.0 	5.0 
813658848.0 	1000000.0 
10.0 	4.0 
90.0 	20.0 
1.0 	1.0 
4.0 	3.0 
63.0 	28.0 
815156559.0 	1000000.0 
1.0 	1.0 
813255543.0 	1000000.0 
14.0 	5.0 
5.0 	4.0 
1.0 	1.0 
2.0 	2.0 
699.0 	71.0 
4.0 	3.0 
1.0 	1.0 
814447695.0 	1000000.0 
813686907.0 	1000000.0 
814432979.0 	1000000.0 
1.0 	1.0 
1.0 	1.0 
3.0 	3.0 
814217110.0 	1000000.0 
3.0 	3.0 
1.0 	1.0 
3.0 	2.0 
733.0 	86.0 
814148983.0 	1000000.0 
5.0 	3.0 
53.0 	21.0 
259.0 	75.0 
5.0 	4.0 
2.0 	2.0 
158.0 	47.0 
814582092.0 	1000000.0 
38.0 	13.0 
62.0 	13.0 
22.0 	9.0 
814312601.0 	1000000.0 
813983604.0 	1000000.0 
813667529.0 	1000000.0 
25.0 	11.0 
12.0 	5.0 
1.0 	1.0 
116.0 	38.0 
813897200.0 	1000000.0 
18.0 	9.0 
7.0 	5.0 
1.0 	1.0 
1721.0 	128.0 
17.0 	5.0 
1.0 	1.0 
103.0 	23.0 
1.0 	1.0 
3.0 	3.0 
535.0 	62.0 
3.0 	3.0 
18.0 	9.0 
160.0 	41.0 
813758602.0 	1000000.0 
1.0 	1.0 
2.0 	2.0 
7.0 	5.0 
1.0 	1.0 
813865498.0 	1000000.0 
814515635.0 	1000000.0 
102.0 	27.0 
37.0 	10.0 
1.0 	1.0 
514.0 	73.0 
7.0 	5.0 
1.0 	1.0 
814199353.0 	1000000.0 
1.0 	1.0 
812647202.0 	1000000.0 
813918460.0 	1000000.0 
1.0 	1.0 
2.0 	2.0 
6.0 	4.0 
2.0 	2.0 
2.0 	2.0 
814914458.0 	1000000.0 
814218620.0 	1000000.0 
813351346.0 	1000000.0 
813254214.0 	1000000.0 
812585599.0 	1000000.0 
1.0 	1.0 
11.0 	7.0 
5.0 	3.0 
814912887.0 	1000000.0 
3.0 	3.0 
813274619.0 	1000000.0 
815070932.0 	1000000.0 
1798.0 	148.0 
813741911.0 	1000000.0 
2.0 	2.0 
5.0 	4.0 
29.0 	8.0 
30.0 	14.0 
1.0 	1.0 
1.0 	1.0 
1.0 	1.0 
1.0 	1.0 
1.0 	1.0 
20.0 	9.0 
129.0 	29.0 
6.0 	4.0 
5.0 	4.0 
22.0 	9.0 
155.0 	41.0 
812785179.0 	1000000.0 
1.0 	1.0 
4.0 	4.0 
7.0 	5.0 
66.0 	14.0 
1.0 	1.0 
1.0 	1.0 
3.0 	3.0 
13.0 	9.0 
814511871.0 	1000000.0 
814052905.0 	1000000.0 
9.0 	4.0 
2.0 	2.0 
2.0 	2.0 
2797.0 	125.0 
37.0 	13.0 
1.0 	1.0 
1.0 	1.0 
1.0 	1.0 
1.0 	1.0 
812509961.0 	1000000.0 
1.0 	1.0 
1.0 	1.0 
359.0 	69.0 
1.0 	1.0 
813117145.0 	1000000.0 
1.0 	1.0 
6.0 	4.0 
814929913.0 	1000000.0 
1.0 	1.0 
3.0 	3.0 
113.0 	41.0 
2.0 	2.0 
2.0 	2.0 
814053963.0 	1000000.0 
813099010.0 	1000000.0 
1.0 	1.0 
3.0 	2.0 
1.0 	1.0 
2.0 	2.0 
2.0 	2.0 
1.0 	1.0 
1.0 	1.0 
26.0 	17.0 
1.0 	1.0 
2.0 	2.0 
10.0 	9.0 
1.0 	1.0 
19.0 	9.0 
1.0 	1.0 
1.0 	1.0 
4.0 	2.0 
2.0 	2.0 
3.0 	2.0 
15.0 	8.0 
815258683.0 	1000000.0 
812699757.0 	1000000.0 
2.0 	2.0 
2.0 	2.0 
2.0 	2.0 
2.0 	2.0 
1.0 	1.0 
4.0 	3.0 
1.0 	1.0 
7.0 	6.0 
27.0 	12.0 
2.0 	2.0 
1.0 	1.0 
3609.0 	300.0 
469.0 	42.0 
1.0 	1.0 
2.0 	2.0 
1.0 	1.0 
1.0 	1.0 
2.0 	2.0 
1.0 	1.0 
5.0 	5.0 
813614294.0 	1000000.0 
1.0 	1.0 
20.0 	11.0 
1.0 	1.0 
693.0 	53.0 
8.0 	4.0 
87.0 	18.0 
813825682.0 	1000000.0 
10.0 	4.0 
1.0 	1.0 
1.0 	1.0 
1.0 	1.0 
813831989.0 	1000000.0 
1.0 	1.0 
10.0 	7.0 
13.0 	8.0 
69.0 	21.0 
8.0 	5.0 
1.0 	1.0 
1.0 	1.0 
1.0 	1.0 
1.0 	1.0 
7.0 	4.0 
33.0 	13.0 
10.0 	5.0 
1.0 	1.0 
139.0 	27.0 
6.0 	5.0 
6.0 	5.0 
1.0 	1.0 
55.0 	20.0 
676.0 	79.0 
1.0 	1.0 
13.0 	6.0 
105.0 	26.0 
4.0 	3.0 
30.0 	14.0 
2.0 	2.0 
813110322.0 	1000000.0 
815422636.0 	1000000.0 
1.0 	1.0 
90.0 	22.0 
14.0 	10.0 
1.0 	1.0 
813722106.0 	1000000.0 
71.0 	17.0 
813958699.0 	1000000.0 
285.0 	51.0 
812868266.0 	1000000.0 
1.0 	1.0 
1.0 	1.0 
1.0 	1.0 
17.0 	8.0 
24.0 	11.0 
1.0 	1.0 
248.0 	27.0 
1.0 	1.0 
813734143.0 	1000000.0 
813736755.0 	1000000.0 
1.0 	1.0 
1.0 	1.0 
1.0 	1.0 
2.0 	2.0 
1.0 	1.0 
15.0 	10.0 
19.0 	9.0 
146.0 	34.0 
814153120.0 	1000000.0 
1.0 	1.0 
1305.0 	95.0 
4.0 	3.0 
127.0 	29.0 
2711.0 	141.0 
1.0 	1.0 
12.0 	7.0 
812955636.0 	1000000.0 
2.0 	2.0 
4.0 	4.0 
4.0 	3.0 
7.0 	4.0 
47.0 	18.0 
814454788.0 	1000000.0 
813639270.0 	1000000.0 
5.0 	4.0 
4.0 	3.0 
1.0 	1.0 
1.0 	1.0 
813161443.0 	1000000.0 
814016322.0 	1000000.0 
1082.0 	141.0 
15.0 	9.0 
9.0 	7.0 
60.0 	19.0 
7.0 	5.0 
813487385.0 	1000000.0 
1.0 	1.0 
208.0 	38.0 
16.0 	8.0 
6.0 	5.0 
9.0 	6.0 
17.0 	10.0 
11.0 	5.0 
814527781.0 	1000000.0 
22.0 	8.0 
13.0 	5.0 
66.0 	13.0 
1.0 	1.0 
1.0 	1.0 
1.0 	1.0 
2.0 	2.0 
1.0 	1.0 
5.0 	4.0 
6.0 	4.0 
18.0 	11.0 
813821241.0 	1000000.0 
5.0 	5.0 
5.0 	4.0 
15.0 	9.0 
1.0 	1.0 
13.0 	5.0 
814926429.0 	1000000.0 
1.0 	1.0 
4.0 	3.0 
28.0 	11.0 
68.0 	15.0 
813964866.0 	1000000.0 
1.0 	1.0 
1.0 	1.0 
30.0 	12.0 
21.0 	7.0 
2.0 	2.0 
1.0 	1.0 
82.0 	25.0 
7.0 	5.0 
95.0 	20.0 
2.0 	2.0 
5.0 	5.0 
49.0 	23.0 
13.0 	8.0 
6.0 	5.0 
2.0 	2.0 
1.0 	1.0 
10.0 	6.0 
813619058.0 	1000000.0 
1.0 	1.0 
17.0 	9.0 
25.0 	10.0 
258.0 	39.0 
7.0 	5.0 
1.0 	1.0 
813716065.0 	1000000.0 
15.0 	8.0 
27.0 	10.0 
1.0 	1.0 
812723157.0 	1000000.0 
11.0 	7.0 
1.0 	1.0 
2.0 	2.0 
814096156.0 	1000000.0 
813869584.0 	1000000.0 
1.0 	1.0 
3.0 	3.0 
1.0 	1.0 
320.0 	70.0 
60.0 	21.0 
2.0 	2.0 
5.0 	4.0 
2.0 	2.0 
1.0 	1.0 
304.0 	50.0 
813844259.0 	1000000.0 
218.0 	47.0 
12023.0 	355.0 
2.0 	2.0 
65.0 	22.0 
2.0 	2.0 
1.0 	1.0 
1.0 	1.0 
1.0 	1.0 
813389505.0 	1000000.0 
66.0 	23.0 
1.0 	1.0 
24.0 	12.0 
42.0 	12.0 
814029677.0 	1000000.0 
813181394.0 	1000000.0 
12.0 	6.0 
813846571.0 	1000000.0 
1.0 	1.0 
1.0 	1.0 
7.0 	5.0 
5.0 	3.0 
32.0 	15.0 
813655726.0 	1000000.0 
1632.0 	120.0 
16.0 	8.0 
10.0 	7.0 
9.0 	9.0 
2.0 	2.0 
954.0 	96.0 
811884029.0 	1000000.0 
65.0 	14.0 
1.0 	1.0 
175.0 	17.0 
3.0 	3.0 
19.0 	8.0 
2.0 	2.0 
1.0 	1.0 
812931868.0 	1000000.0 
814433263.0 	1000000.0 
1.0 	1.0 
1.0 	1.0 
1.0 	1.0 
812721943.0 	1000000.0 
4.0 	3.0 
1.0 	1.0 
11.0 	6.0 
4.0 	3.0 
2.0 	2.0 
1.0 	1.0 
813782916.0 	1000000.0 
16.0 	11.0 
2.0 	2.0 
3.0 	2.0 
1.0 	1.0 
2.0 	2.0 
32.0 	11.0 
2.0 	2.0 
1.0 	1.0 
1.0 	1.0 
369.0 	58.0 
133.0 	31.0 
2.0 	2.0 
1.0 	1.0 
814260259.0 	1000000.0 
99.0 	32.0 
3.0 	3.0 
1.0 	1.0 
2.0 	2.0 
1.0 	1.0 
812239648.0 	1000000.0 
3.0 	3.0 
1.0 	1.0 
1.0 	1.0 
584.0 	87.0 
1.0 	1.0 
1.0 	1.0 
813591981.0 	1000000.0 
1.0 	1.0 
11.0 	5.0 
1.0 	1.0 
8.0 	7.0 
814560047.0 	1000000.0 
18.0 	7.0 
2.0 	2.0 
1.0 	1.0 
815440072.0 	1000000.0 
8.0 	4.0 
3.0 	2.0 
16.0 	10.0 
5.0 	4.0 
250.0 	46.0 
122.0 	29.0 
2.0 	2.0 
7.0 	3.0 
30.0 	11.0 
2.0 	2.0 
2.0 	2.0 
53.0 	19.0 
1.0 	1.0 
2.0 	2.0 
2.0 	2.0 
8.0 	7.0 
20.0 	11.0 
2.0 	2.0 
1.0 	1.0 
812191019.0 	1000000.0 
92.0 	22.0 
4.0 	4.0 
9.0 	4.0 
1.0 	1.0 
3.0 	2.0 
1.0 	1.0 
814017507.0 	1000000.0 
9.0 	4.0 
1.0 	1.0 
2.0 	2.0 
18.0 	7.0 
2.0 	2.0 
813420807.0 	1000000.0 
814703365.0 	1000000.0 
2.0 	2.0 
28.0 	10.0 
814745269.0 	1000000.0 
9.0 	8.0 
1.0 	1.0 
1.0 	1.0 
10.0 	7.0 
4.0 	3.0 
81.0 	22.0 
812832734.0 	1000000.0 
51.0 	14.0 
9.0 	8.0 
1.0 	1.0 
14.0 	7.0 
40.0 	17.0 
1.0 	1.0 
1.0 	1.0 
1.0 	1.0 
10.0 	7.0 
42.0 	11.0 
813611360.0 	1000000.0 
811036105.0 	1000000.0 
1.0 	1.0 
11.0 	7.0 
1.0 	1.0 
2.0 	2.0 
107.0 	36.0 
39.0 	13.0 
3.0 	3.0 
8.0 	5.0 
3.0 	3.0 
814353135.0 	1000000.0 
1.0 	1.0 
814360404.0 	1000000.0 
4.0 	4.0 
22.0 	9.0 
1.0 	1.0 
1.0 	1.0 
3.0 	3.0 
416.0 	54.0 
1.0 	1.0 
812791046.0 	1000000.0 
814660813.0 	1000000.0 
814897626.0 	1000000.0 
1.0 	1.0 
1.0 	1.0 
815718900.0 	1000000.0 
12.0 	7.0 
1.0 	1.0 
1.0 	1.0 
1.0 	1.0 
1.0 	1.0 
3.0 	2.0 
9.0 	5.0 
814161209.0 	1000000.0 
8.0 	5.0 
18.0 	8.0 
47.0 	14.0 
4.0 	3.0 
2.0 	2.0 
4.0 	3.0 
20.0 	12.0 
1.0 	1.0 
3.0 	3.0 
49.0 	15.0 
1.0 	1.0 
4.0 	2.0 
814296795.0 	1000000.0 
127.0 	35.0 
813223723.0 	1000000.0 
5.0 	3.0 
2.0 	2.0 
15.0 	11.0 
814053093.0 	1000000.0 
14.0 	9.0 
649.0 	96.0 
2.0 	2.0 
1.0 	1.0 
814236575.0 	1000000.0 
814309328.0 	1000000.0 
3.0 	3.0 
2.0 	2.0 
815520076.0 	1000000.0 
3.0 	2.0 
813459060.0 	1000000.0 
38.0 	17.0 
1475.0 	168.0 
1.0 	1.0 
5.0 	5.0 
61.0 	12.0 
812519017.0 	1000000.0 
814452645.0 	1000000.0 
1.0 	1.0 
814351300.0 	1000000.0 
812335706.0 	1000000.0 
1.0 	1.0 
289.0 	34.0 
6.0 	6.0 
44.0 	22.0 
813290441.0 	1000000.0 
3.0 	3.0 
1.0 	1.0 
5.0 	5.0 
814243850.0 	1000000.0 
3.0 	3.0 
16.0 	9.0 
1.0 	1.0 
1.0 	1.0 
4.0 	3.0 
1.0 	1.0 
814093754.0 	1000000.0 
2.0 	2.0 
1.0 	1.0 
1.0 	1.0 
1.0 	1.0 
1.0 	1.0 
812710264.0 	1000000.0 
4.0 	3.0 
30.0 	11.0 
23.0 	11.0 
533.0 	65.0 
813954781.0 	1000000.0 
813674669.0 	1000000.0 
813793204.0 	1000000.0 
4.0 	4.0 
10.0 	6.0 
61.0 	20.0 
81.0 	22.0 
813458664.0 	1000000.0 
2.0 	2.0 
1.0 	1.0 
813685135.0 	1000000.0 
2.0 	2.0 
814188488.0 	1000000.0 
16.0 	6.0 
9.0 	7.0 
813615738.0 	1000000.0 
34.0 	11.0 
3.0 	3.0 
177.0 	33.0 
183.0 	45.0 
4.0 	3.0 
1.0 	1.0 
1.0 	1.0 
16.0 	9.0 
42.0 	17.0 
241.0 	55.0 
5.0 	4.0 
1.0 	1.0 
643.0 	86.0 
1.0 	1.0 
1.0 	1.0 
3.0 	2.0 
1.0 	1.0 
1.0 	1.0 
37.0 	15.0 
12.0 	9.0 
1.0 	1.0 
814032707.0 	1000000.0 
12.0 	9.0 
74.0 	25.0 
12.0 	7.0 
867.0 	105.0 
5.0 	4.0 
3.0 	3.0 
699.0 	81.0 
1.0 	1.0 
813035346.0 	1000000.0 
1.0 	1.0 
813263349.0 	1000000.0 
14.0 	5.0 
6.0 	5.0 
298.0 	63.0 
1.0 	1.0 
2.0 	2.0 
3.0 	2.0 
813276289.0 	1000000.0 
71.0 	19.0 
9.0 	5.0 
813266736.0 	1000000.0 
1.0 	1.0 
813624390.0 	1000000.0 
7.0 	5.0 
4.0 	3.0 
7.0 	5.0 
1.0 	1.0 
11.0 	5.0 
51.0 	17.0 
3.0 	3.0 
9.0 	5.0 
615.0 	80.0 
1.0 	1.0 
11.0 	5.0 
1.0 	1.0 
814223584.0 	1000000.0 
1.0 	1.0 
1.0 	1.0 
1322.0 	141.0 
1.0 	1.0 
6.0 	5.0 
2.0 	2.0 
119.0 	20.0 
812711124.0 	1000000.0 
813837545.0 	1000000.0 
3.0 	3.0 
2.0 	2.0 
135.0 	21.0 
80.0 	20.0 
1.0 	1.0 
1.0 	1.0 
4.0 	2.0 
146.0 	23.0 
2.0 	2.0 
18.0 	7.0 
11.0 	8.0 
80.0 	25.0 
25.0 	11.0 
1725.0 	143.0 
6.0 	5.0 
1.0 	1.0 
10.0 	5.0 
1.0 	1.0 
1.0 	1.0 
17.0 	8.0 
3.0 	2.0 
1.0 	1.0 
812951927.0 	1000000.0 
3.0 	3.0 
11.0 	4.0 
131.0 	21.0 
815065405.0 	1000000.0 
16.0 	6.0 
3.0 	3.0 
62.0 	14.0 
814296437.0 	1000000.0 
813601356.0 	1000000.0 
814448060.0 	1000000.0 
20.0 	10.0 
3.0 	3.0 
4.0 	4.0 
1.0 	1.0 
2.0 	2.0 
7.0 	4.0 
815089401.0 	1000000.0 
1076.0 	124.0 
1.0 	1.0 
813754716.0 	1000000.0 
1.0 	1.0 
5.0 	5.0 
10.0 	7.0 
5.0 	3.0 
13.0 	7.0 
813126798.0 	1000000.0 
871.0 	70.0 
3.0 	3.0 
813120801.0 	1000000.0 
17.0 	9.0 
1.0 	1.0 
1.0 	1.0 
11.0 	6.0 
1.0 	1.0 
1.0 	1.0 
1.0 	1.0 
4.0 	3.0 
1.0 	1.0 
1.0 	1.0 
1.0 	1.0 
10.0 	4.0 
815428000.0 	1000000.0 
1.0 	1.0 
2.0 	2.0 
4.0 	3.0 
1.0 	1.0 
3.0 	3.0 
1.0 	1.0 
22.0 	12.0 
13.0 	6.0 
814091711.0 	1000000.0 
814505469.0 	1000000.0 
357.0 	44.0 
813764396.0 	1000000.0 
26.0 	13.0 
812961151.0 	1000000.0 
813418656.0 	1000000.0 
1.0 	1.0 
813222028.0 	1000000.0 
812674995.0 	1000000.0 
4.0 	3.0 
27.0 	9.0 
813317756.0 	1000000.0 
4.0 	4.0 
3.0 	3.0 
815275344.0 	1000000.0 
10.0 	8.0 
4.0 	2.0 
192.0 	67.0 
2.0 	2.0 
814264814.0 	1000000.0 
1.0 	1.0 
812155103.0 	1000000.0 
813291086.0 	1000000.0 
42.0 	15.0 
1.0 	1.0 
2.0 	2.0 
1.0 	1.0 
4.0 	4.0 
261.0 	46.0 
3.0 	3.0 
7.0 	5.0 
2.0 	2.0 
2.0 	2.0 
1.0 	1.0 
1.0 	1.0 
815391350.0 	1000000.0 
14.0 	6.0 
1.0 	1.0 
1.0 	1.0 
2.0 	2.0 
1.0 	1.0 
2.0 	2.0 
813100808.0 	1000000.0 
1.0 	1.0 
31.0 	13.0 
5.0 	3.0 
3.0 	3.0 
5.0 	2.0 
58.0 	17.0 
242.0 	45.0 
3.0 	3.0 
1.0 	1.0 
814866763.0 	1000000.0 
571.0 	94.0 
13.0 	7.0 
813477287.0 	1000000.0 
4.0 	4.0 
1.0 	1.0 
1741.0 	127.0 
1.0 	1.0 
3.0 	2.0 
11.0 	8.0 
1.0 	1.0 
813315252.0 	1000000.0 
1.0 	1.0 
2.0 	2.0 
2.0 	2.0 
59.0 	17.0 
813598399.0 	1000000.0 
153.0 	41.0 
814732183.0 	1000000.0 
1.0 	1.0 
812666073.0 	1000000.0 
7.0 	5.0 
1.0 	1.0 
814352904.0 	1000000.0 
813895247.0 	1000000.0 
103.0 	22.0 
243.0 	34.0 
2.0 	2.0 
1.0 	1.0 
6.0 	3.0 
1.0 	1.0 
10.0 	6.0 
1.0 	1.0 
36.0 	15.0 
35.0 	14.0 
1.0 	1.0 
1.0 	1.0 
2.0 	2.0 
812803962.0 	1000000.0 
1.0 	1.0 
813627700.0 	1000000.0 
2.0 	2.0 
1.0 	1.0 
812840991.0 	1000000.0 
34.0 	16.0 
1.0 	1.0 
1.0 	1.0 
1.0 	1.0 
11.0 	8.0 
17.0 	7.0 
339.0 	37.0 
3.0 	3.0 
92.0 	17.0 
8.0 	4.0 
24.0 	11.0 
64.0 	18.0 
17.0 	9.0 
3.0 	3.0 
18.0 	7.0 
2.0 	2.0 
3.0 	3.0 
4.0 	3.0 
814630559.0 	1000000.0 
656.0 	104.0 
1.0 	1.0 
1.0 	1.0 
6.0 	3.0 
2.0 	2.0 
814087007.0 	1000000.0 
811686357.0 	1000000.0 
3.0 	2.0 
2.0 	2.0 
20.0 	11.0 
814045806.0 	1000000.0 
7.0 	3.0 
355.0 	37.0 
2.0 	2.0 
813403456.0 	1000000.0 
197.0 	33.0 
1.0 	1.0 
1.0 	1.0 
1.0 	1.0 
5.0 	3.0 
1066.0 	144.0 
1.0 	1.0 
1.0 	1.0 
6.0 	4.0 
8.0 	7.0 
2.0 	2.0 
3.0 	3.0 
3.0 	2.0 
2.0 	2.0 
1.0 	1.0 
1.0 	1.0 
10.0 	7.0 
38.0 	17.0 
39.0 	9.0 
23.0 	11.0 
6.0 	5.0 
1.0 	1.0 
13.0 	6.0 
813907636.0 	1000000.0 
813438061.0 	1000000.0 
813810513.0 	1000000.0 
4.0 	3.0 
2.0 	2.0 
319.0 	80.0 
1.0 	1.0 
168.0 	29.0 
1.0 	1.0 
21.0 	10.0 
9.0 	6.0 
24.0 	8.0 
13.0 	7.0 
813528587.0 	1000000.0 
2.0 	2.0 
3.0 	2.0 
2.0 	2.0 
14.0 	6.0 
7.0 	6.0 
9.0 	6.0 
813983245.0 	1000000.0 
168.0 	33.0 
1.0 	1.0 
8.0 	6.0 
1.0 	1.0 
21.0 	10.0 
813126445.0 	1000000.0 
636.0 	93.0 
5.0 	4.0 
2561.0 	283.0 
2.0 	2.0 
141.0 	39.0 
1.0 	1.0 
2.0 	2.0 
3.0 	2.0 
11.0 	6.0 
2.0 	2.0 
92.0 	27.0 
204.0 	44.0 
2.0 	2.0 
815116908.0 	1000000.0 
1.0 	1.0 
814616319.0 	1000000.0 
1.0 	1.0 
815032567.0 	1000000.0 
1.0 	1.0 
6.0 	6.0 
2.0 	2.0 
78.0 	18.0 
1.0 	1.0 
6.0 	5.0 
2.0 	2.0 
90.0 	35.0 
814478741.0 	1000000.0 
814133006.0 	1000000.0 
2.0 	2.0 
1.0 	1.0 
5.0 	3.0 
1.0 	1.0 
815664490.0 	1000000.0 
813799596.0 	1000000.0 
813203926.0 	1000000.0 
690.0 	87.0 
42.0 	21.0 
4.0 	4.0 
3.0 	3.0 
3.0 	3.0 
1.0 	1.0 
2.0 	2.0 
1.0 	1.0 
4.0 	4.0 
49.0 	21.0 
812347847.0 	1000000.0 
814316739.0 	1000000.0 
5.0 	5.0 
3.0 	3.0 
2.0 	2.0 
813198077.0 	1000000.0 
1.0 	1.0 
3.0 	2.0 
34.0 	11.0 
1.0 	1.0 
813349074.0 	1000000.0 
9.0 	6.0 
12.0 	8.0 
1.0 	1.0 
1.0 	1.0 
2.0 	2.0 
1.0 	1.0 
1.0 	1.0 
2.0 	2.0 
1.0 	1.0 
1.0 	1.0 
812967166.0 	1000000.0 
1.0 	1.0 
8.0 	7.0 
11.0 	7.0 
2.0 	2.0 
3.0 	3.0 
6.0 	4.0 
79.0 	18.0 
1905.0 	200.0 
334.0 	38.0 
813498222.0 	1000000.0 
812511171.0 	1000000.0 
813916184.0 	1000000.0 
814633078.0 	1000000.0 
3.0 	3.0 
812052411.0 	1000000.0 
1.0 	1.0 
3.0 	3.0 
20.0 	12.0 
2.0 	2.0 
1.0 	1.0 
3.0 	3.0 
2.0 	2.0 
180.0 	32.0 
11.0 	9.0 
1.0 	1.0 
813373390.0 	1000000.0 
3.0 	3.0 
64.0 	17.0 
18.0 	8.0 
9.0 	7.0 
6.0 	4.0 
89.0 	26.0 
11.0 	7.0 
2.0 	2.0 
813335383.0 	1000000.0 
2.0 	2.0 
2.0 	2.0 
813196267.0 	1000000.0 
1.0 	1.0 
2.0 	2.0 
1.0 	1.0 
90.0 	27.0 
1.0 	1.0 
65.0 	26.0 
1.0 	1.0 
6.0 	6.0 
1.0 	1.0 
3.0 	2.0 
1.0 	1.0 
814363142.0 	1000000.0 
3.0 	3.0 
2.0 	2.0 
816038782.0 	1000000.0 
1.0 	1.0 
814383580.0 	1000000.0 
3.0 	3.0 
1.0 	1.0 
1.0 	1.0 
813912896.0 	1000000.0 
813814051.0 	1000000.0 
814580315.0 	1000000.0 
58.0 	17.0 
202.0 	55.0 
20.0 	7.0 
1.0 	1.0 
5.0 	5.0 
1.0 	1.0 
323.0 	59.0 
3.0 	3.0 
1.0 	1.0 
813420154.0 	1000000.0 
559.0 	65.0 
16.0 	7.0 
1.0 	1.0 
1.0 	1.0 
1.0 	1.0 
6.0 	6.0 
13.0 	5.0 
1.0 	1.0 
1.0 	1.0 
36.0 	13.0 
4.0 	4.0 
1.0 	1.0 
266.0 	43.0 
1.0 	1.0 
1118.0 	84.0 
1.0 	1.0 
1.0 	1.0 
5.0 	3.0 
5.0 	3.0 
6.0 	4.0 
1.0 	1.0 
814270757.0 	1000000.0 
10.0 	7.0 
29.0 	12.0 
1.0 	1.0 
815426668.0 	1000000.0 
1.0 	1.0 
15.0 	7.0 
1.0 	1.0 
2.0 	2.0 
257.0 	41.0 
814276392.0 	1000000.0 
1.0 	1.0 
813714495.0 	1000000.0 
6.0 	5.0 
9.0 	5.0 
812137166.0 	1000000.0 
3.0 	3.0 
813947090.0 	1000000.0 
76.0 	25.0 
3.0 	3.0 
814543787.0 	1000000.0 
781.0 	94.0 
1.0 	1.0 
2.0 	2.0 
2.0 	2.0 
1.0 	1.0 
1.0 	1.0 
186.0 	27.0 
812773344.0 	1000000.0 
3.0 	3.0 
812798994.0 	1000000.0 
813673465.0 	1000000.0 
9.0 	5.0 
813460518.0 	1000000.0 
1.0 	1.0 
588.0 	69.0 
5.0 	4.0 
3.0 	3.0 
15.0 	9.0 
2.0 	2.0 
3.0 	2.0 
63.0 	14.0 
813280829.0 	1000000.0 
7.0 	4.0 
39.0 	13.0 
41.0 	11.0 
814183282.0 	1000000.0 
1.0 	1.0 
10.0 	5.0 
813614221.0 	1000000.0 
2.0 	2.0 
1.0 	1.0 
185.0 	38.0 
187.0 	47.0 
1.0 	1.0 
10.0 	7.0 
72.0 	18.0 
1.0 	1.0 
5.0 	4.0 
1.0 	1.0 
813670151.0 	1000000.0 
2.0 	2.0 
3.0 	3.0 
1.0 	1.0 
541.0 	88.0 
1.0 	1.0 
122.0 	29.0 
6.0 	5.0 
3.0 	3.0 
1.0 	1.0 
1.0 	1.0 
5.0 	4.0 
24.0 	12.0 
813775918.0 	1000000.0 
5.0 	4.0 
814968668.0 	1000000.0 
2.0 	2.0 
1.0 	1.0 
1.0 	1.0 
812999095.0 	1000000.0 
2.0 	2.0 
813189652.0 	1000000.0 
3.0 	3.0 
127.0 	39.0 
23.0 	9.0 
16.0 	9.0 
813453642.0 	1000000.0 
2.0 	2.0 
6.0 	5.0 
1.0 	1.0 
215.0 	41.0 
815138005.0 	1000000.0 
2.0 	2.0 
814292191.0 	1000000.0 
37.0 	15.0 
1.0 	1.0 
3.0 	2.0 
1.0 	1.0 
21.0 	12.0 
101.0 	29.0 
4.0 	2.0 
1.0 	1.0 
314.0 	59.0 
3.0 	2.0 
813681459.0 	1000000.0 
1.0 	1.0 
815217628.0 	1000000.0 
2.0 	2.0 
814149862.0 	1000000.0 
5.0 	3.0 
266.0 	50.0 
258.0 	41.0 
813607260.0 	1000000.0 
51.0 	14.0 
1.0 	1.0 
16.0 	7.0 
813231571.0 	1000000.0 
812900670.0 	1000000.0 
2.0 	2.0 
813608753.0 	1000000.0 
2.0 	2.0 
12.0 	8.0 
2.0 	2.0 
1.0 	1.0 
1.0 	1.0 
2.0 	2.0 
1.0 	1.0 
4.0 	3.0 
814956735.0 	1000000.0 
1.0 	1.0 
55.0 	18.0 
8.0 	4.0 
3.0 	2.0 
14.0 	8.0 
27.0 	14.0 
1.0 	1.0 
29.0 	14.0 
1.0 	1.0 
814973234.0 	1000000.0 
815032374.0 	1000000.0 
1.0 	1.0 
9.0 	7.0 
130.0 	29.0 
1.0 	1.0 
1.0 	1.0 
2.0 	2.0 
67.0 	16.0 
815610729.0 	1000000.0 
813701766.0 	1000000.0 
20.0 	11.0 
8.0 	5.0 
18.0 	7.0 
36.0 	13.0 
1.0 	1.0 
1.0 	1.0 
69.0 	13.0 
14.0 	10.0 
813391379.0 	1000000.0 
2.0 	2.0 
9.0 	5.0 
1.0 	1.0 
814837598.0 	1000000.0 
1.0 	1.0 
7.0 	4.0 
4.0 	3.0 
814448602.0 	1000000.0 
1.0 	1.0 
6.0 	5.0 
2.0 	2.0 
43.0 	15.0 
10.0 	5.0 
16.0 	6.0 
1.0 	1.0 
3.0 	3.0 
1.0 	1.0 
813393145.0 	1000000.0 
4.0 	3.0 
1.0 	1.0 
2.0 	2.0 
1.0 	1.0 
52.0 	22.0 
3.0 	2.0 
813842095.0 	1000000.0 
813971573.0 	1000000.0 
26.0 	10.0 
1.0 	1.0 
60.0 	22.0 
69.0 	15.0 
1.0 	1.0 
4.0 	3.0 
1.0 	1.0 
1.0 	1.0 
41.0 	11.0 
7.0 	6.0 
2.0 	2.0 
379.0 	60.0 
7.0 	4.0 
16.0 	6.0 
1.0 	1.0 
813472690.0 	1000000.0 
18.0 	10.0 
812978456.0 	1000000.0 
814391832.0 	1000000.0 
1.0 	1.0 
1.0 	1.0 
1.0 	1.0 
19.0 	6.0 
813461295.0 	1000000.0 
5.0 	4.0 
343.0 	56.0 
2.0 	2.0 
1.0 	1.0 
1.0 	1.0 
813500198.0 	1000000.0 
815148055.0 	1000000.0 
11.0 	8.0 
1.0 	1.0 
2.0 	2.0 
8.0 	4.0 
3.0 	3.0 
1.0 	1.0 
2.0 	2.0 
2.0 	2.0 
4.0 	4.0 
5822.0 	275.0 
2.0 	2.0 
5.0 	3.0 
7.0 	4.0 
1.0 	1.0 
1.0 	1.0 
62.0 	15.0 
35.0 	16.0 
1.0 	1.0 
119.0 	37.0 
1.0 	1.0 
1.0 	1.0 
812135528.0 	1000000.0 
1.0 	1.0 
813997134.0 	1000000.0 
2.0 	2.0 
813798722.0 	1000000.0 
1.0 	1.0 
1.0 	1.0 
4.0 	4.0 
2.0 	2.0 
1.0 	1.0 
1.0 	1.0 
4.0 	3.0 
2.0 	2.0 
38.0 	12.0 
1.0 	1.0 
9.0 	6.0 
991.0 	91.0 
1.0 	1.0 
813571654.0 	1000000.0 
814246413.0 	1000000.0 
100.0 	16.0 
2.0 	2.0 
152.0 	27.0 
7.0 	4.0 
92.0 	25.0 
7.0 	5.0 
8.0 	6.0 
97.0 	28.0 
4.0 	3.0 
5.0 	4.0 
5.0 	4.0 
415.0 	56.0 
814800910.0 	1000000.0 
1.0 	1.0 
19.0 	11.0 
3.0 	3.0 
40.0 	12.0 
2.0 	2.0 
2.0 	2.0 
1.0 	1.0 
1.0 	1.0 
813174356.0 	1000000.0 
2.0 	2.0 
5.0 	5.0 
6.0 	5.0 
4.0 	3.0 
2.0 	2.0 
8.0 	4.0 
1.0 	1.0 
1.0 	1.0 
3.0 	2.0 
1.0 	1.0 
8.0 	7.0 
26.0 	10.0 
1.0 	1.0 
1.0 	1.0 
25.0 	14.0 
814552421.0 	1000000.0 
10.0 	6.0 
7.0 	5.0 
1.0 	1.0 
6.0 	3.0 
814103029.0 	1000000.0 
815594679.0 	1000000.0 
250.0 	41.0 
1.0 	1.0 
1.0 	1.0 
3.0 	3.0 
813095801.0 	1000000.0 
814255346.0 	1000000.0 
1.0 	1.0 
1.0 	1.0 
1235.0 	131.0 
1.0 	1.0 
1.0 	1.0 
2.0 	2.0 
1.0 	1.0 
812662926.0 	1000000.0 
3.0 	2.0 
1.0 	1.0 
1.0 	1.0 
669.0 	76.0 
52.0 	24.0 
37.0 	18.0 
813099284.0 	1000000.0 
9.0 	6.0 
9.0 	7.0 
1.0 	1.0 
6.0 	4.0 
1.0 	1.0 
3.0 	3.0 
26.0 	11.0 
14.0 	8.0 
813062119.0 	1000000.0 
1.0 	1.0 
2.0 	2.0 
6.0 	5.0 
1.0 	1.0 
11.0 	9.0 
16.0 	9.0 
25.0 	16.0 
1.0 	1.0 
814800403.0 	1000000.0 
1.0 	1.0 
812990316.0 	1000000.0 
65.0 	15.0 
9.0 	4.0 
5.0 	5.0 
1.0 	1.0 
815698625.0 	1000000.0 
3.0 	2.0 
2.0 	2.0 
1.0 	1.0 
813915093.0 	1000000.0 
1.0 	1.0 
813633091.0 	1000000.0 
11.0 	6.0 
11.0 	6.0 
813293183.0 	1000000.0 
9.0 	6.0 
2.0 	2.0 
812313285.0 	1000000.0 
813637105.0 	1000000.0 
32.0 	12.0 
3.0 	3.0 
2.0 	2.0 
3.0 	3.0 
2.0 	2.0 
1.0 	1.0 
316.0 	46.0 
1.0 	1.0 
1.0 	1.0 
1.0 	1.0 
30.0 	9.0 
65.0 	22.0 
19.0 	11.0 
813464039.0 	1000000.0 
1.0 	1.0 
11.0 	9.0 
1.0 	1.0 
10.0 	7.0 
86.0 	25.0 
1.0 	1.0 
1.0 	1.0 
1.0 	1.0 
1.0 	1.0 
7.0 	4.0 
1.0 	1.0 
4.0 	4.0 
9.0 	5.0 
1.0 	1.0 
2.0 	2.0 
44.0 	21.0 
197.0 	30.0 
3.0 	2.0 
2.0 	2.0 
1.0 	1.0 
2.0 	2.0 
1.0 	1.0 
812829249.0 	1000000.0 
5.0 	3.0 
5.0 	4.0 
9.0 	6.0 
7.0 	5.0 
813633530.0 	1000000.0 
814560912.0 	1000000.0 
1.0 	1.0 
4.0 	3.0 
1.0 	1.0 
1.0 	1.0 
814206764.0 	1000000.0 
2.0 	2.0 
1.0 	1.0 
1.0 	1.0 
30.0 	15.0 
814449412.0 	1000000.0 
814330139.0 	1000000.0 
1.0 	1.0 
27.0 	9.0 
27.0 	13.0 
2.0 	2.0 
2.0 	2.0 
187.0 	35.0 
1.0 	1.0 
13.0 	9.0 
2.0 	2.0 
1.0 	1.0 
9.0 	9.0 
2.0 	2.0 
1178.0 	94.0 
1.0 	1.0 
116.0 	27.0 
21.0 	10.0 
136.0 	20.0 
54.0 	27.0 
1.0 	1.0 
811966307.0 	1000000.0 
813531664.0 	1000000.0 
5.0 	3.0 
7.0 	4.0 
1.0 	1.0 
213.0 	35.0 
1.0 	1.0 
27.0 	9.0 
115.0 	19.0 
4.0 	3.0 
7.0 	6.0 
814216280.0 	1000000.0 
5.0 	5.0 
813742769.0 	1000000.0 
80.0 	19.0 
1.0 	1.0 
12.0 	9.0 
1.0 	1.0 
3.0 	3.0 
17.0 	8.0 
1.0 	1.0 
13.0 	10.0 
5.0 	4.0 
1.0 	1.0 
1.0 	1.0 
83.0 	24.0 
1.0 	1.0 
1.0 	1.0 
2.0 	2.0 
3.0 	2.0 
1.0 	1.0 
5.0 	4.0 
3.0 	2.0 
812816237.0 	1000000.0 
1.0 	1.0 
813304049.0 	1000000.0 
1.0 	1.0 
11.0 	5.0 
7.0 	6.0 
814175140.0 	1000000.0 
906.0 	75.0 
814554644.0 	1000000.0 
1.0 	1.0 
107.0 	30.0 
22.0 	9.0 
1.0 	1.0 
1.0 	1.0 
2.0 	2.0 
232.0 	38.0 
130.0 	29.0 
26.0 	13.0 
814899616.0 	1000000.0 
31.0 	12.0 
2.0 	2.0 
235.0 	29.0 
3.0 	2.0 
3.0 	3.0 
814682188.0 	1000000.0 
4.0 	3.0 
814580092.0 	1000000.0 
1684.0 	123.0 
16.0 	11.0 
813834474.0 	1000000.0 
1.0 	1.0 
6.0 	4.0 
813978903.0 	1000000.0 
813760077.0 	1000000.0 
45.0 	14.0 
1.0 	1.0 
11.0 	7.0 
4.0 	3.0 
2.0 	2.0 
1.0 	1.0 
8.0 	5.0 
2.0 	2.0 
22.0 	8.0 
813128322.0 	1000000.0 
14.0 	7.0 
1.0 	1.0 
9.0 	5.0 
811240992.0 	1000000.0 
9.0 	5.0 
1.0 	1.0 
4.0 	4.0 
40.0 	12.0 
1.0 	1.0 
1.0 	1.0 
1.0 	1.0 
3.0 	2.0 
9.0 	5.0 
813966040.0 	1000000.0 
17.0 	9.0 
813753532.0 	1000000.0 
1.0 	1.0 
1.0 	1.0 
6.0 	6.0 
3.0 	3.0 
1.0 	1.0 
2.0 	2.0 
812058965.0 	1000000.0 
2.0 	2.0 
43.0 	9.0 
1.0 	1.0 
2.0 	2.0 
1.0 	1.0 
3.0 	3.0 
1.0 	1.0 
813581756.0 	1000000.0 
813753572.0 	1000000.0 
3.0 	2.0 
1.0 	1.0 
813644291.0 	1000000.0 
1.0 	1.0 
814756778.0 	1000000.0 
41.0 	11.0 
1359.0 	143.0 
1.0 	1.0 
814490213.0 	1000000.0 
30.0 	13.0 
8.0 	4.0 
2.0 	2.0 
815084398.0 	1000000.0 
45.0 	12.0 
814269041.0 	1000000.0 
812957082.0 	1000000.0 
9.0 	5.0 
11.0 	4.0 
1.0 	1.0 
812938652.0 	1000000.0 
3.0 	3.0 
3.0 	3.0 
328.0 	41.0 
814454206.0 	1000000.0 
14.0 	5.0 
1.0 	1.0 
1.0 	1.0 
1.0 	1.0 
6.0 	4.0 
8.0 	6.0 
7.0 	4.0 
28.0 	11.0 
43.0 	15.0 
814318716.0 	1000000.0 
4.0 	3.0 
1.0 	1.0 
182.0 	21.0 
3.0 	3.0 
813879975.0 	1000000.0 
2.0 	2.0 
1.0 	1.0 
813997816.0 	1000000.0 
3.0 	2.0 
1.0 	1.0 
814715778.0 	1000000.0 
1.0 	1.0 
1.0 	1.0 
43.0 	16.0 
811992455.0 	1000000.0 
5.0 	4.0 
2.0 	2.0 
1.0 	1.0 
1.0 	1.0 
22.0 	8.0 
814975157.0 	1000000.0 
845.0 	90.0 
1.0 	1.0 
2.0 	2.0 
32.0 	13.0 
813468970.0 	1000000.0 
813617084.0 	1000000.0 
1.0 	1.0 
5.0 	4.0 
824.0 	90.0 
813543324.0 	1000000.0 
135.0 	24.0 
2.0 	2.0 
4.0 	3.0 
2.0 	2.0 
2.0 	2.0 
2.0 	2.0 
2.0 	2.0 
23.0 	10.0 
14.0 	9.0 
1.0 	1.0 
6.0 	3.0 
3.0 	2.0 
1.0 	1.0 
1.0 	1.0 
1.0 	1.0 
814292631.0 	1000000.0 
1.0 	1.0 
813687160.0 	1000000.0 
814954994.0 	1000000.0 
13.0 	7.0 
2.0 	2.0 
814491605.0 	1000000.0 
2.0 	2.0 
1.0 	1.0 
815057544.0 	1000000.0 
13.0 	6.0 
10.0 	7.0 
1.0 	1.0 
814117072.0 	1000000.0 
1.0 	1.0 
1.0 	1.0 
1.0 	1.0 
814418102.0 	1000000.0 
3.0 	3.0 
814924251.0 	1000000.0 
96.0 	26.0 
3.0 	3.0 
1.0 	1.0 
2.0 	2.0 
1.0 	1.0 
2.0 	2.0 
813616237.0 	1000000.0 
4.0 	3.0 
5.0 	5.0 
2.0 	2.0 
3.0 	3.0 
11.0 	7.0 
1.0 	1.0 
1.0 	1.0 
8.0 	4.0 
7.0 	5.0 
69.0 	20.0 
27.0 	7.0 
7.0 	6.0 
64.0 	23.0 
5.0 	5.0 
2.0 	2.0 
814384462.0 	1000000.0 
4.0 	4.0 
161.0 	31.0 
814942561.0 	1000000.0 
62.0 	19.0 
1.0 	1.0 
3.0 	2.0 
814529376.0 	1000000.0 
814381248.0 	1000000.0 
3.0 	3.0 
1.0 	1.0 
11.0 	7.0 
3.0 	3.0 
6.0 	4.0 
8.0 	6.0 
129.0 	21.0 
1.0 	1.0 
60.0 	14.0 
19.0 	12.0 
1.0 	1.0 
1.0 	1.0 
8.0 	5.0 
813772041.0 	1000000.0 
5.0 	3.0 
2.0 	2.0 
1.0 	1.0 
813278695.0 	1000000.0 
5.0 	4.0 
21.0 	8.0 
25.0 	14.0 
1.0 	1.0 
813928910.0 	1000000.0 
14.0 	6.0 
3.0 	2.0 
4.0 	3.0 
814495454.0 	1000000.0 
30.0 	10.0 
1.0 	1.0 
3.0 	2.0 
2.0 	2.0 
5.0 	3.0 
6.0 	5.0 
27.0 	11.0 
4.0 	3.0 
2.0 	2.0 
935.0 	81.0 
815016487.0 	1000000.0 
1.0 	1.0 
4.0 	4.0 
1.0 	1.0 
1.0 	1.0 
813331055.0 	1000000.0 
1.0 	1.0 
6.0 	4.0 
1.0 	1.0 
814204194.0 	1000000.0 
1.0 	1.0 
6.0 	4.0 
9.0 	7.0 
72.0 	17.0 
1.0 	1.0 
1310.0 	117.0 
814784447.0 	1000000.0 
6.0 	3.0 
105.0 	34.0 
4.0 	3.0 
1.0 	1.0 
65.0 	18.0 
2.0 	2.0 
10.0 	5.0 
508.0 	55.0 
814237091.0 	1000000.0 
3.0 	3.0 
814175827.0 	1000000.0 
1.0 	1.0 
4.0 	4.0 
4.0 	3.0 
1.0 	1.0 
8.0 	5.0 
2.0 	2.0 
18.0 	7.0 
57.0 	15.0 
3.0 	3.0 
814016886.0 	1000000.0 
14.0 	9.0 
10.0 	6.0 
1.0 	1.0 
1.0 	1.0 
10.0 	5.0 
1.0 	1.0 
994.0 	87.0 
813595012.0 	1000000.0 
2.0 	2.0 
17.0 	9.0 
1.0 	1.0 
1.0 	1.0 
13.0 	8.0 
1.0 	1.0 
1.0 	1.0 
2.0 	2.0 
4.0 	3.0 
9.0 	4.0 
3.0 	2.0 
2.0 	2.0 
3.0 	3.0 
4.0 	4.0 
1.0 	1.0 
1.0 	1.0 
5.0 	5.0 
2.0 	2.0 
7.0 	4.0 
27.0 	14.0 
1.0 	1.0 
268.0 	45.0 
1.0 	1.0 
13.0 	6.0 
813587403.0 	1000000.0 
1.0 	1.0 
2.0 	2.0 
1.0 	1.0 
15.0 	6.0 
883.0 	64.0 
3.0 	2.0 
288.0 	43.0 
97.0 	25.0 
1.0 	1.0 
77.0 	27.0 
8.0 	3.0 
3.0 	3.0 
813815460.0 	1000000.0 
1.0 	1.0 
1.0 	1.0 
1.0 	1.0 
813526858.0 	1000000.0 
135.0 	23.0 
1.0 	1.0 
814338539.0 	1000000.0 
9945.0 	461.0 
1466.0 	134.0 
3.0 	3.0 
814904705.0 	1000000.0 
28.0 	14.0 
4.0 	4.0 
812715083.0 	1000000.0 
814159096.0 	1000000.0 
4.0 	3.0 
43.0 	14.0 
1.0 	1.0 
1.0 	1.0 
10.0 	8.0 
815055883.0 	1000000.0 
106.0 	21.0 
1.0 	1.0 
1.0 	1.0 
4.0 	3.0 
2.0 	2.0 
10.0 	7.0 
5.0 	3.0 
1.0 	1.0 
306.0 	67.0 
815417128.0 	1000000.0 
3.0 	3.0 
2.0 	2.0 
814486900.0 	1000000.0 
102.0 	18.0 
1.0 	1.0 
2.0 	2.0 
8.0 	5.0 
7.0 	4.0 
2.0 	2.0 
4.0 	4.0 
2.0 	2.0 
813413336.0 	1000000.0 
6.0 	3.0 
21.0 	10.0 
1.0 	1.0 
12.0 	9.0 
814339420.0 	1000000.0 
18.0 	9.0 
813441279.0 	1000000.0 
4.0 	3.0 
20.0 	9.0 
1.0 	1.0 
256.0 	49.0 
1.0 	1.0 
18.0 	13.0 
814531023.0 	1000000.0 
2.0 	2.0 
50.0 	18.0 
1.0 	1.0 
133.0 	26.0 
2.0 	2.0 
1.0 	1.0 
4.0 	4.0 
60.0 	20.0 
1.0 	1.0 
12.0 	7.0 
4.0 	4.0 
1.0 	1.0 
3.0 	2.0 
3.0 	3.0 
2.0 	2.0 
5.0 	4.0 
1.0 	1.0 
814352688.0 	1000000.0 
1.0 	1.0 
1.0 	1.0 
2.0 	2.0 
47.0 	12.0 
1.0 	1.0 
815409025.0 	1000000.0 
15.0 	6.0 
814433620.0 	1000000.0 
4.0 	3.0 
16.0 	12.0 
812763918.0 	1000000.0 
24.0 	10.0 
3.0 	3.0 
1.0 	1.0 
17.0 	8.0 
2.0 	2.0 
814597071.0 	1000000.0 
814207296.0 	1000000.0 
812093242.0 	1000000.0 
1.0 	1.0 
147.0 	27.0 
10.0 	6.0 
121.0 	26.0 
496.0 	73.0 
1.0 	1.0 
1.0 	1.0 
8.0 	4.0 
1.0 	1.0 
1.0 	1.0 
1.0 	1.0 
111.0 	28.0 
2.0 	2.0 
2.0 	2.0 
813932835.0 	1000000.0 
813491508.0 	1000000.0 
813588639.0 	1000000.0 
89.0 	34.0 
1.0 	1.0 
13.0 	8.0 
814790689.0 	1000000.0 
10.0 	6.0 
19.0 	7.0 
1.0 	1.0 
1.0 	1.0 
812421363.0 	1000000.0 
261.0 	28.0 
2.0 	2.0 
296.0 	61.0 
4.0 	4.0 
16.0 	10.0 
1.0 	1.0 
101.0 	30.0 
813291752.0 	1000000.0 
6.0 	4.0 
6.0 	6.0 
1.0 	1.0 
1.0 	1.0 
18.0 	10.0 
82.0 	24.0 
20.0 	13.0 
172.0 	37.0 
1.0 	1.0 
813135904.0 	1000000.0 
14.0 	7.0 
1.0 	1.0 
7.0 	4.0 
1.0 	1.0 
812420071.0 	1000000.0 
813176005.0 	1000000.0 
1.0 	1.0 
4.0 	3.0 
5.0 	4.0 
1.0 	1.0 
7.0 	5.0 
1.0 	1.0 
1.0 	1.0 
67.0 	23.0 
22.0 	12.0 
1.0 	1.0 
6.0 	5.0 
1.0 	1.0 
1.0 	1.0 
3.0 	2.0 
1.0 	1.0 
4.0 	3.0 
10.0 	6.0 
1.0 	1.0 
814804172.0 	1000000.0 
3.0 	2.0 
2.0 	2.0 
1.0 	1.0 
182.0 	40.0 
2.0 	2.0 
18.0 	7.0 
2.0 	2.0 
2.0 	2.0 
814233179.0 	1000000.0 
2.0 	2.0 
1.0 	1.0 
1.0 	1.0 
813377710.0 	1000000.0 
2.0 	2.0 
1.0 	1.0 
1.0 	1.0 
2.0 	2.0 
575.0 	78.0 
71.0 	24.0 
1.0 	1.0 
1.0 	1.0 
3.0 	3.0 
1.0 	1.0 
1.0 	1.0 
7.0 	6.0 
39.0 	14.0 
1.0 	1.0 
64.0 	15.0 
1.0 	1.0 
813963769.0 	1000000.0 
2.0 	2.0 
1.0 	1.0 
814977801.0 	1000000.0 
1.0 	1.0 
1.0 	1.0 
7.0 	5.0 
285.0 	44.0 
1.0 	1.0 
1.0 	1.0 
813322986.0 	1000000.0 
3.0 	2.0 
1.0 	1.0 
1.0 	1.0 
43.0 	20.0 
1.0 	1.0 
2.0 	2.0 
7.0 	4.0 
1.0 	1.0 
1.0 	1.0 
293.0 	33.0 
2.0 	2.0 
85.0 	24.0 
813267823.0 	1000000.0 
1.0 	1.0 
74.0 	18.0 
1.0 	1.0 
1.0 	1.0 
4.0 	4.0 
3.0 	3.0 
813680496.0 	1000000.0 
62.0 	13.0 
13.0 	7.0 
813543186.0 	1000000.0 
50.0 	16.0 
2.0 	2.0 
33.0 	12.0 
2.0 	2.0 
1.0 	1.0 
812846050.0 	1000000.0 
1.0 	1.0 
18.0 	9.0 
2.0 	2.0 
814383116.0 	1000000.0 
814147797.0 	1000000.0 
6.0 	4.0 
13.0 	10.0 
1.0 	1.0 
814930536.0 	1000000.0 
2.0 	2.0 
813675803.0 	1000000.0 
554.0 	77.0 
7.0 	5.0 
16.0 	7.0 
1.0 	1.0 
2.0 	2.0 
44.0 	9.0 
11.0 	7.0 
813854749.0 	1000000.0 
1.0 	1.0 
1.0 	1.0 
813989245.0 	1000000.0 
1.0 	1.0 
4.0 	4.0 
1.0 	1.0 
1.0 	1.0 
1.0 	1.0 
3.0 	2.0 
6.0 	4.0 
1.0 	1.0 
2.0 	2.0 
1.0 	1.0 
59.0 	20.0 
7.0 	5.0 
813918811.0 	1000000.0 
16.0 	12.0 
1.0 	1.0 
48.0 	13.0 
74.0 	22.0 
1.0 	1.0 
1.0 	1.0 
4.0 	2.0 
1.0 	1.0 
3.0 	2.0 
473.0 	77.0 
1.0 	1.0 
1.0 	1.0 
5.0 	4.0 
37.0 	12.0 
19.0 	10.0 
1.0 	1.0 
814961034.0 	1000000.0 
1.0 	1.0 
1.0 	1.0 
337.0 	59.0 
814990254.0 	1000000.0 
6.0 	5.0 
5.0 	4.0 
814060277.0 	1000000.0 
1.0 	1.0 
5.0 	5.0 
813201366.0 	1000000.0 
1.0 	1.0 
8.0 	4.0 
59.0 	14.0 
1.0 	1.0 
1.0 	1.0 
812471109.0 	1000000.0 
3.0 	3.0 
7.0 	6.0 
8.0 	6.0 
2.0 	2.0 
1.0 	1.0 
1.0 	1.0 
19.0 	10.0 
1.0 	1.0 
813545505.0 	1000000.0 
814310492.0 	1000000.0 
452.0 	64.0 
2.0 	2.0 
2.0 	2.0 
10.0 	6.0 
49.0 	19.0 
54.0 	12.0 
813761528.0 	1000000.0 
834.0 	90.0 
19.0 	9.0 
3.0 	3.0 
1.0 	1.0 
2.0 	2.0 
1.0 	1.0 
55.0 	18.0 
2.0 	2.0 
1.0 	1.0 
74.0 	24.0 
14.0 	8.0 
1.0 	1.0 
67.0 	19.0 
60.0 	19.0 
2.0 	2.0 
1.0 	1.0 
291.0 	52.0 
813508842.0 	1000000.0 
812977015.0 	1000000.0 
218.0 	34.0 
775.0 	100.0 
84.0 	26.0 
1.0 	1.0 
17.0 	6.0 
814505398.0 	1000000.0 
1.0 	1.0 
815115892.0 	1000000.0 
4.0 	4.0 
31.0 	9.0 
2.0 	2.0 
9.0 	7.0 
814135946.0 	1000000.0 
8.0 	5.0 
1.0 	1.0 
1.0 	1.0 
812559747.0 	1000000.0 
813931911.0 	1000000.0 
1.0 	1.0 
1.0 	1.0 
1.0 	1.0 
2.0 	2.0 
65.0 	13.0 
158.0 	39.0 
4.0 	3.0 
1.0 	1.0 
1.0 	1.0 
4.0 	3.0 
6.0 	5.0 
814238558.0 	1000000.0 
1.0 	1.0 
26.0 	13.0 
96.0 	22.0 
1.0 	1.0 
1.0 	1.0 
46.0 	18.0 
2.0 	2.0 
1.0 	1.0 
66.0 	19.0 
815691076.0 	1000000.0 
93.0 	14.0 
813906536.0 	1000000.0 
51.0 	16.0 
3.0 	2.0 
4.0 	3.0 
11.0 	7.0 
7.0 	4.0 
119.0 	34.0 
814888289.0 	1000000.0 
1.0 	1.0 
1.0 	1.0 
1.0 	1.0 
1.0 	1.0 
1.0 	1.0 
813538390.0 	1000000.0 
1.0 	1.0 
2.0 	2.0 
4.0 	3.0 
16.0 	8.0 
1.0 	1.0 
813835809.0 	1000000.0 
5.0 	3.0 
2.0 	2.0 
1.0 	1.0 
5.0 	2.0 
1.0 	1.0 
813771045.0 	1000000.0 
814277450.0 	1000000.0 
7.0 	3.0 
9.0 	5.0 
814444449.0 	1000000.0 
34.0 	12.0 
42.0 	22.0 
8.0 	6.0 
1.0 	1.0 
9.0 	4.0 
4.0 	3.0 
4.0 	3.0 
1.0 	1.0 
292.0 	40.0 
2.0 	2.0 
1.0 	1.0 
1.0 	1.0 
2.0 	2.0 
60.0 	18.0 
11.0 	6.0 
1.0 	1.0 
814251682.0 	1000000.0 
14.0 	7.0 
1228.0 	101.0 
3.0 	3.0 
1.0 	1.0 
10.0 	7.0 
10.0 	5.0 
11.0 	11.0 
15.0 	8.0 
6152.0 	294.0 
2.0 	2.0 
813880256.0 	1000000.0 
21.0 	8.0 
1.0 	1.0 
814747939.0 	1000000.0 
813416537.0 	1000000.0 
2.0 	2.0 
1.0 	1.0 
11.0 	5.0 
41.0 	10.0 
3.0 	3.0 
1.0 	1.0 
1.0 	1.0 
4.0 	3.0 
2.0 	2.0 
323.0 	62.0 
1.0 	1.0 
7.0 	6.0 
1.0 	1.0 
814423870.0 	1000000.0 
814656769.0 	1000000.0 
2.0 	2.0 
2.0 	2.0 
3.0 	2.0 
1.0 	1.0 
53.0 	13.0 
813511273.0 	1000000.0 
1.0 	1.0 
49.0 	15.0 
1.0 	1.0 
814494352.0 	1000000.0 
2007.0 	186.0 
4.0 	3.0 
4.0 	3.0 
6.0 	5.0 
629.0 	85.0 
127.0 	30.0 
1.0 	1.0 
1.0 	1.0 
8.0 	5.0 
7.0 	4.0 
3.0 	3.0 
1.0 	1.0 
1.0 	1.0 
812871460.0 	1000000.0 
6.0 	4.0 
814400685.0 	1000000.0 
53.0 	12.0 
814759127.0 	1000000.0 
94.0 	21.0 
1.0 	1.0 
7.0 	6.0 
70.0 	23.0 
1.0 	1.0 
1.0 	1.0 
1.0 	1.0 
1.0 	1.0 
813639248.0 	1000000.0 
813174293.0 	1000000.0 
50.0 	16.0 
814314593.0 	1000000.0 
814128140.0 	1000000.0 
2.0 	2.0 
1.0 	1.0 
20.0 	9.0 
2.0 	2.0 
39.0 	14.0 
6.0 	4.0 
15.0 	11.0 
1.0 	1.0 
4.0 	3.0 
812670148.0 	1000000.0 
1.0 	1.0 
812393929.0 	1000000.0 
16.0 	9.0 
8.0 	5.0 
1.0 	1.0 
1.0 	1.0 
37.0 	11.0 
1.0 	1.0 
68.0 	25.0 
28.0 	13.0 
58.0 	21.0 
814584418.0 	1000000.0 
105.0 	23.0 
813329338.0 	1000000.0 
1.0 	1.0 
812874604.0 	1000000.0 
1.0 	1.0 
63.0 	19.0 
1.0 	1.0 
1.0 	1.0 
1.0 	1.0 
1.0 	1.0 
1.0 	1.0 
404.0 	49.0 
1.0 	1.0 
813502353.0 	1000000.0 
813522215.0 	1000000.0 
17.0 	9.0 
524.0 	52.0 
1.0 	1.0 
10.0 	6.0 
2.0 	2.0 
56.0 	26.0 
1.0 	1.0 
1.0 	1.0 
668.0 	80.0 
8.0 	6.0 
1.0 	1.0 
7.0 	7.0 
5.0 	4.0 
3.0 	3.0 
39.0 	13.0 
449.0 	84.0 
2.0 	2.0 
2.0 	2.0 
1.0 	1.0 
9.0 	6.0 
1.0 	1.0 
6.0 	3.0 
10.0 	8.0 
1947.0 	144.0 
1.0 	1.0 
813771192.0 	1000000.0 
1.0 	1.0 
2.0 	2.0 
48.0 	17.0 
1.0 	1.0 
1.0 	1.0 
1.0 	1.0 
813421893.0 	1000000.0 
1.0 	1.0 
49.0 	14.0 
1.0 	1.0 
1.0 	1.0 
1.0 	1.0 
814594006.0 	1000000.0 
146.0 	24.0 
1.0 	1.0 
12.0 	8.0 
4.0 	3.0 
2.0 	2.0 
164.0 	32.0 
1.0 	1.0 
812728123.0 	1000000.0 
2.0 	2.0 
1.0 	1.0 
6.0 	6.0 
2791.0 	249.0 
1.0 	1.0 
23.0 	9.0 
1.0 	1.0 
52.0 	26.0 
85.0 	26.0 
813896232.0 	1000000.0 
1.0 	1.0 
1.0 	1.0 
11.0 	7.0 
25.0 	9.0 
15.0 	8.0 
815298004.0 	1000000.0 
2.0 	2.0 
2.0 	2.0 
1574.0 	131.0 
813488617.0 	1000000.0 
814553618.0 	1000000.0 
5.0 	3.0 
75.0 	24.0 
2.0 	2.0 
69.0 	17.0 
28.0 	17.0 
1.0 	1.0 
1.0 	1.0 
6.0 	5.0 
4.0 	3.0 
1.0 	1.0 
9.0 	5.0 
4.0 	4.0 
15.0 	7.0 
542.0 	57.0 
33.0 	13.0 
2.0 	2.0 
2.0 	2.0 
1.0 	1.0 
2.0 	2.0 
814437220.0 	1000000.0 
6.0 	5.0 
814569924.0 	1000000.0 
320.0 	64.0 
813665908.0 	1000000.0 
1.0 	1.0 
241.0 	31.0 
9.0 	7.0 
4.0 	4.0 
1.0 	1.0 
4.0 	4.0 
1.0 	1.0 
3.0 	3.0 
385.0 	53.0 
814313670.0 	1000000.0 
8.0 	5.0 
5.0 	4.0 
814120420.0 	1000000.0 
1.0 	1.0 
1.0 	1.0 
4.0 	3.0 
12.0 	6.0 
1.0 	1.0 
66.0 	24.0 
1.0 	1.0 
1.0 	1.0 
9.0 	5.0 
7.0 	5.0 
371.0 	59.0 
813328597.0 	1000000.0 
7.0 	4.0 
1.0 	1.0 
1.0 	1.0 
3.0 	2.0 
813824375.0 	1000000.0 
10.0 	6.0 
47.0 	19.0 
164.0 	31.0 
1135.0 	109.0 
813936743.0 	1000000.0 
2.0 	2.0 
1.0 	1.0 
127.0 	22.0 
23.0 	12.0 
1.0 	1.0 
4.0 	4.0 
1.0 	1.0 
1.0 	1.0 
3.0 	3.0 
23.0 	10.0 
1.0 	1.0 
1.0 	1.0 
813609908.0 	1000000.0 
1.0 	1.0 
1.0 	1.0 
2.0 	2.0 
812822383.0 	1000000.0 
813876602.0 	1000000.0 
1.0 	1.0 
2.0 	2.0 
280.0 	47.0 
2.0 	2.0 
814663077.0 	1000000.0 
12.0 	9.0 
1.0 	1.0 
1.0 	1.0 
1.0 	1.0 
2.0 	2.0 
1.0 	1.0 
2.0 	2.0 
1.0 	1.0 
813488069.0 	1000000.0 
814189693.0 	1000000.0 
55.0 	19.0 
1.0 	1.0 
1.0 	1.0 
8.0 	7.0 
23.0 	7.0 
29.0 	10.0 
12.0 	8.0 
1.0 	1.0 
34.0 	9.0 
19.0 	10.0 
2.0 	2.0 
2.0 	2.0 
1.0 	1.0 
163.0 	31.0 
2.0 	2.0 
5.0 	5.0 
3.0 	2.0 
9.0 	4.0 
1.0 	1.0 
813781671.0 	1000000.0 
813838295.0 	1000000.0 
2.0 	2.0 
1.0 	1.0 
1.0 	1.0 
30.0 	13.0 
41.0 	16.0 
6.0 	3.0 
814592239.0 	1000000.0 
5.0 	4.0 
24.0 	8.0 
4.0 	4.0 
12.0 	8.0 
815165156.0 	1000000.0 
813459007.0 	1000000.0 
2.0 	2.0 
24.0 	9.0 
115.0 	30.0 
813300980.0 	1000000.0 
1.0 	1.0 
2.0 	2.0 
2.0 	2.0 
14.0 	8.0 
3.0 	2.0 
2.0 	2.0 
10.0 	8.0 
1.0 	1.0 
813324094.0 	1000000.0 
813925456.0 	1000000.0 
32.0 	12.0 
814017958.0 	1000000.0 
1.0 	1.0 
4.0 	4.0 
5.0 	3.0 
2.0 	2.0 
20.0 	8.0 
70.0 	17.0 
1.0 	1.0 
813100230.0 	1000000.0 
11.0 	7.0 
1.0 	1.0 
4.0 	2.0 
813182106.0 	1000000.0 
1.0 	1.0 
1.0 	1.0 
1.0 	1.0 
1.0 	1.0 
8.0 	6.0 
1.0 	1.0 
1.0 	1.0 
1.0 	1.0 
82.0 	28.0 
222.0 	38.0 
15.0 	6.0 
1084.0 	108.0 
813679513.0 	1000000.0 
1.0 	1.0 
1.0 	1.0 
1.0 	1.0 
29.0 	8.0 
6.0 	4.0 
1.0 	1.0 
3.0 	3.0 
3.0 	3.0 
11.0 	7.0 
102.0 	28.0 
36.0 	18.0 
813532769.0 	1000000.0 
4.0 	4.0 
249.0 	38.0 
1.0 	1.0 
5.0 	5.0 
38.0 	16.0 
2434.0 	115.0 
371.0 	66.0 
6.0 	5.0 
7.0 	3.0 
30.0 	20.0 
131.0 	40.0 
4.0 	4.0 
813177494.0 	1000000.0 
746.0 	77.0 
54.0 	19.0 
1.0 	1.0 
8.0 	7.0 
7.0 	5.0 
1.0 	1.0 
1.0 	1.0 
5.0 	5.0 
88.0 	27.0 
2.0 	2.0 
3.0 	3.0 
4.0 	4.0 
5.0 	3.0 
1.0 	1.0 
18.0 	9.0 
9.0 	5.0 
3.0 	2.0 
8.0 	7.0 
477.0 	52.0 
32.0 	19.0 
1.0 	1.0 
19.0 	8.0 
9.0 	6.0 
2.0 	2.0 
813782919.0 	1000000.0 
812427979.0 	1000000.0 
813892994.0 	1000000.0 
1.0 	1.0 
8.0 	4.0 
49.0 	14.0 
129.0 	32.0 
24.0 	8.0 
2.0 	2.0 
3.0 	2.0 
2.0 	2.0 
281.0 	43.0 
3.0 	2.0 
5.0 	3.0 
1.0 	1.0 
2.0 	2.0 
11.0 	5.0 
21.0 	9.0 
814470849.0 	1000000.0 
3.0 	3.0 
9.0 	7.0 
6.0 	4.0 
1.0 	1.0 
812881337.0 	1000000.0 
813041735.0 	1000000.0 
1.0 	1.0 
1.0 	1.0 
813727792.0 	1000000.0 
148.0 	21.0 
1.0 	1.0 
49.0 	13.0 
3.0 	2.0 
1.0 	1.0 
14.0 	8.0 
12.0 	6.0 
8.0 	5.0 
4.0 	2.0 
2.0 	2.0 
812323209.0 	1000000.0 
3.0 	3.0 
1.0 	1.0 
1.0 	1.0 
1.0 	1.0 
1.0 	1.0 
1.0 	1.0 
814176265.0 	1000000.0 
1.0 	1.0 
814096285.0 	1000000.0 
2.0 	2.0 
15.0 	5.0 
3.0 	2.0 
1.0 	1.0 
1.0 	1.0 
1.0 	1.0 
8.0 	6.0 
34.0 	10.0 
1.0 	1.0 
813362063.0 	1000000.0 
16.0 	11.0 
202.0 	45.0 
179.0 	29.0 
813995157.0 	1000000.0 
4.0 	3.0 
344.0 	85.0 
3.0 	2.0 
2.0 	2.0 
25.0 	13.0 
2.0 	2.0 
2.0 	2.0 
1.0 	1.0 
814495853.0 	1000000.0 
814009319.0 	1000000.0 
8.0 	4.0 
1664.0 	112.0 
1.0 	1.0 
2.0 	2.0 
39.0 	15.0 
33.0 	12.0 
812786117.0 	1000000.0 
813802833.0 	1000000.0 
815182219.0 	1000000.0 
2.0 	2.0 
321.0 	60.0 
1.0 	1.0 
27.0 	12.0 
814106158.0 	1000000.0 
12.0 	6.0 
190.0 	31.0 
2.0 	2.0 
1.0 	1.0 
814471979.0 	1000000.0 
1.0 	1.0 
813760997.0 	1000000.0 
1.0 	1.0 
3.0 	3.0 
812585516.0 	1000000.0 
2.0 	2.0 
3.0 	2.0 
1.0 	1.0 
2.0 	2.0 
814655678.0 	1000000.0 
4.0 	3.0 
1.0 	1.0 
1.0 	1.0 
813709390.0 	1000000.0 
1.0 	1.0 
47.0 	14.0 
1.0 	1.0 
1.0 	1.0 
47.0 	23.0 
3.0 	2.0 
6.0 	5.0 
812375803.0 	1000000.0 
1.0 	1.0 
132.0 	22.0 
1.0 	1.0 
812905580.0 	1000000.0 
1.0 	1.0 
12.0 	5.0 
2.0 	2.0 
12.0 	7.0 
1.0 	1.0 
264.0 	28.0 
1.0 	1.0 
123.0 	31.0 
75.0 	21.0 
11.0 	5.0 
2.0 	2.0 
4.0 	3.0 
7.0 	4.0 
1.0 	1.0 
1.0 	1.0 
2.0 	2.0 
814458192.0 	1000000.0 
1.0 	1.0 
1.0 	1.0 
466.0 	61.0 
564.0 	76.0 
813171709.0 	1000000.0 
3.0 	3.0 
91.0 	33.0 
1.0 	1.0 
2.0 	2.0 
814634091.0 	1000000.0 
814607830.0 	1000000.0 
10.0 	5.0 
1.0 	1.0 
11.0 	9.0 
813231924.0 	1000000.0 
559.0 	90.0 
2.0 	2.0 
814865590.0 	1000000.0 
2.0 	2.0 
2.0 	2.0 
70.0 	16.0 
10.0 	5.0 
814863389.0 	1000000.0 
9.0 	8.0 
1.0 	1.0 
5.0 	4.0 
52.0 	14.0 
813609981.0 	1000000.0 
812990911.0 	1000000.0 
384.0 	56.0 
4.0 	3.0 
8.0 	5.0 
1.0 	1.0 
1.0 	1.0 
813811103.0 	1000000.0 
3.0 	2.0 
3.0 	2.0 
271.0 	49.0 
96.0 	15.0 
14.0 	7.0 
2.0 	2.0 
1.0 	1.0 
2.0 	2.0 
16.0 	8.0 
12.0 	7.0 
34.0 	13.0 
1.0 	1.0 
8.0 	7.0 
1.0 	1.0 
4.0 	3.0 
813877744.0 	1000000.0 
11.0 	6.0 
6.0 	6.0 
99.0 	20.0 
28.0 	11.0 
1.0 	1.0 
3.0 	3.0 
1.0 	1.0 
1.0 	1.0 
11.0 	8.0 
6.0 	3.0 
814397259.0 	1000000.0 
813134711.0 	1000000.0 
813652689.0 	1000000.0 
4.0 	3.0 
1.0 	1.0 
813590477.0 	1000000.0 
29.0 	15.0 
1.0 	1.0 
2.0 	2.0 
1.0 	1.0 
5.0 	5.0 
814165647.0 	1000000.0 
2.0 	2.0 
1.0 	1.0 
520.0 	66.0 
1335.0 	127.0 
4.0 	3.0 
815421665.0 	1000000.0 
305.0 	55.0 
120.0 	24.0 
1.0 	1.0 
6.0 	5.0 
770.0 	67.0 
814558139.0 	1000000.0 
1.0 	1.0 
1.0 	1.0 
813325680.0 	1000000.0 
41.0 	19.0 
3.0 	3.0 
58.0 	19.0 
814046525.0 	1000000.0 
35.0 	11.0 
40.0 	12.0 
1.0 	1.0 
5.0 	3.0 
47.0 	14.0 
17.0 	9.0 
6.0 	5.0 
4.0 	3.0 
4.0 	3.0 
28.0 	10.0 
786.0 	109.0 
3.0 	3.0 
4.0 	3.0 
691.0 	52.0 
60.0 	18.0 
813058329.0 	1000000.0 
1.0 	1.0 
31.0 	11.0 
4.0 	3.0 
113.0 	28.0 
3.0 	2.0 
813559911.0 	1000000.0 
17.0 	8.0 
6.0 	4.0 
32.0 	12.0 
1.0 	1.0 
1.0 	1.0 
3.0 	3.0 
2.0 	2.0 
814305352.0 	1000000.0 
2.0 	2.0 
1125.0 	111.0 
814794641.0 	1000000.0 
814321277.0 	1000000.0 
1965.0 	110.0 
1.0 	1.0 
1.0 	1.0 
1.0 	1.0 
1.0 	1.0 
100.0 	15.0 
1.0 	1.0 
812927310.0 	1000000.0 
401.0 	51.0 
1.0 	1.0 
1.0 	1.0 
2.0 	2.0 
2.0 	2.0 
2.0 	2.0 
814777220.0 	1000000.0 
2.0 	2.0 
1.0 	1.0 
814613966.0 	1000000.0 
64.0 	26.0 
1.0 	1.0 
814149289.0 	1000000.0 
141.0 	31.0 
813462722.0 	1000000.0 
813628235.0 	1000000.0 
1.0 	1.0 
148.0 	35.0 
18.0 	10.0 
1.0 	1.0 
3.0 	2.0 
1.0 	1.0 
1.0 	1.0 
1.0 	1.0 
23.0 	11.0 
41.0 	18.0 
4.0 	3.0 
4.0 	3.0 
2.0 	2.0 
1.0 	1.0 
70.0 	35.0 
1.0 	1.0 
1.0 	1.0 
3.0 	3.0 
74.0 	19.0 
1.0 	1.0 
2.0 	2.0 
8.0 	7.0 
1.0 	1.0 
1.0 	1.0 
2.0 	2.0 
1.0 	1.0 
3.0 	3.0 
10.0 	7.0 
28.0 	14.0 
4.0 	3.0 
1.0 	1.0 
2.0 	2.0 
812657113.0 	1000000.0 
813280447.0 	1000000.0 
1.0 	1.0 
2.0 	2.0 
1.0 	1.0 
1.0 	1.0 
2.0 	2.0 
31.0 	10.0 
2.0 	2.0 
1.0 	1.0 
2.0 	2.0 
77.0 	19.0 
1.0 	1.0 
6.0 	5.0 
43.0 	12.0 
1.0 	1.0 
1.0 	1.0 
6.0 	6.0 
3.0 	3.0 
813498823.0 	1000000.0 
7.0 	6.0 
1.0 	1.0 
4.0 	3.0 
397.0 	67.0 
13.0 	6.0 
11.0 	6.0 
1.0 	1.0 
813372782.0 	1000000.0 
814928884.0 	1000000.0 
1.0 	1.0 
1184.0 	99.0 
56.0 	23.0 
1.0 	1.0 
812690594.0 	1000000.0 
1.0 	1.0 
1.0 	1.0 
6.0 	4.0 
813312363.0 	1000000.0 
