Sistemas = 000008000
Spikes 	 Durations 
1.0 	1.0 
4.0 	3.0 
86336.0 	2569.0 
1730.0 	161.0 
12.0 	6.0 
2.0 	2.0 
3.0 	3.0 
1.0 	1.0 
2.0 	2.0 
191312.0 	6468.0 
1.0 	1.0 
3.0 	2.0 
13.0 	8.0 
9256.0 	708.0 
22.0 	12.0 
1.0 	1.0 
1.0 	1.0 
357.0 	54.0 
5.0 	4.0 
110.0 	29.0 
1.0 	1.0 
1.0 	1.0 
3.0 	3.0 
22.0 	12.0 
11.0 	8.0 
1.0 	1.0 
1.0 	1.0 
2.0 	2.0 
193.0 	51.0 
4.0 	4.0 
27.0 	10.0 
4.0 	4.0 
14.0 	6.0 
88.0 	30.0 
27.0 	10.0 
17.0 	9.0 
1.0 	1.0 
1.0 	1.0 
2.0 	2.0 
2.0 	2.0 
2.0 	2.0 
39.0 	17.0 
129385.0 	4480.0 
426.0 	53.0 
6.0 	4.0 
1.0 	1.0 
9.0 	7.0 
1.0 	1.0 
2.0 	2.0 
4.0 	3.0 
117.0 	35.0 
1.0 	1.0 
1.0 	1.0 
3.0 	2.0 
1.0 	1.0 
23.0 	10.0 
1.0 	1.0 
164.0 	25.0 
1.0 	1.0 
52.0 	14.0 
95.0 	18.0 
218.0 	34.0 
4.0 	2.0 
80.0 	27.0 
66.0 	17.0 
2.0 	2.0 
1.0 	1.0 
89.0 	27.0 
2.0 	2.0 
1.0 	1.0 
16.0 	13.0 
13.0 	6.0 
493.0 	51.0 
234.0 	44.0 
9.0 	7.0 
2.0 	2.0 
1.0 	1.0 
12.0 	7.0 
15.0 	8.0 
1.0 	1.0 
59.0 	20.0 
23.0 	9.0 
597.0 	98.0 
161.0 	48.0 
4.0 	3.0 
4.0 	4.0 
16314.0 	785.0 
14.0 	5.0 
177.0 	38.0 
52.0 	13.0 
1888.0 	165.0 
1.0 	1.0 
95.0 	29.0 
1.0 	1.0 
695.0 	92.0 
85.0 	22.0 
10.0 	5.0 
1.0 	1.0 
1.0 	1.0 
2093.0 	112.0 
5.0 	4.0 
5.0 	5.0 
7.0 	6.0 
3.0 	3.0 
9.0 	5.0 
4.0 	4.0 
1.0 	1.0 
1.0 	1.0 
111.0 	43.0 
2.0 	2.0 
1.0 	1.0 
2.0 	2.0 
2.0 	2.0 
14.0 	6.0 
294.0 	62.0 
3.0 	2.0 
4.0 	3.0 
51.0 	21.0 
60.0 	16.0 
54.0 	18.0 
758.0 	126.0 
3.0 	3.0 
1.0 	1.0 
1.0 	1.0 
1.0 	1.0 
2.0 	2.0 
1.0 	1.0 
169.0 	39.0 
11076.0 	670.0 
5.0 	3.0 
2.0 	2.0 
1.0 	1.0 
470137.0 	6611.0 
6.0 	4.0 
1.0 	1.0 
16.0 	13.0 
455.0 	50.0 
6.0 	5.0 
9.0 	6.0 
16.0 	7.0 
6042.0 	362.0 
102.0 	28.0 
3.0 	3.0 
2.0 	2.0 
334.0 	77.0 
15.0 	9.0 
80.0 	18.0 
1.0 	1.0 
1.0 	1.0 
47863.0 	1579.0 
347.0 	47.0 
7.0 	6.0 
17.0 	12.0 
9.0 	6.0 
1.0 	1.0 
1.0 	1.0 
1.0 	1.0 
6.0 	4.0 
33.0 	18.0 
3.0 	2.0 
3.0 	2.0 
17.0 	11.0 
2.0 	2.0 
4.0 	2.0 
2.0 	2.0 
37.0 	14.0 
39.0 	13.0 
4.0 	4.0 
1.0 	1.0 
2.0 	2.0 
264.0 	47.0 
1.0 	1.0 
3.0 	3.0 
9.0 	5.0 
1.0 	1.0 
7.0 	4.0 
10.0 	7.0 
2.0 	2.0 
11.0 	10.0 
1.0 	1.0 
121.0 	35.0 
13.0 	8.0 
3.0 	3.0 
1484.0 	123.0 
1.0 	1.0 
172853.0 	5695.0 
39.0 	18.0 
1.0 	1.0 
334.0 	39.0 
11832.0 	625.0 
6.0 	5.0 
1740.0 	96.0 
1.0 	1.0 
23879.0 	964.0 
12721.0 	393.0 
1.0 	1.0 
154.0 	44.0 
90.0 	30.0 
4.0 	3.0 
11.0 	8.0 
104672.0 	3671.0 
1.0 	1.0 
2.0 	2.0 
996.0 	100.0 
1.0 	1.0 
1.0 	1.0 
10.0 	6.0 
6.0 	5.0 
7.0 	4.0 
8402.0 	390.0 
9745.0 	380.0 
24.0 	14.0 
22.0 	10.0 
6.0 	5.0 
3.0 	2.0 
46.0 	19.0 
21.0 	9.0 
2.0 	2.0 
3.0 	2.0 
1.0 	1.0 
44.0 	15.0 
3.0 	2.0 
2494.0 	219.0 
1.0 	1.0 
1.0 	1.0 
219.0 	42.0 
1.0 	1.0 
1359.0 	124.0 
7.0 	4.0 
16.0 	8.0 
1.0 	1.0 
2.0 	2.0 
11.0 	8.0 
1071.0 	143.0 
32.0 	15.0 
6845.0 	436.0 
162.0 	36.0 
56.0 	16.0 
3.0 	2.0 
1.0 	1.0 
459.0 	96.0 
1.0 	1.0 
8.0 	5.0 
52.0 	15.0 
3.0 	3.0 
1.0 	1.0 
9.0 	8.0 
1.0 	1.0 
1.0 	1.0 
151.0 	25.0 
1.0 	1.0 
5.0 	3.0 
7.0 	5.0 
13.0 	6.0 
1.0 	1.0 
1407.0 	250.0 
1052.0 	114.0 
19.0 	9.0 
1.0 	1.0 
1.0 	1.0 
6.0 	5.0 
1.0 	1.0 
1.0 	1.0 
1.0 	1.0 
1.0 	1.0 
2.0 	2.0 
974.0 	120.0 
7413.0 	449.0 
3.0 	2.0 
2.0 	2.0 
1.0 	1.0 
1.0 	1.0 
6.0 	4.0 
1.0 	1.0 
1.0 	1.0 
1.0 	1.0 
2.0 	2.0 
30.0 	13.0 
4.0 	4.0 
4.0 	4.0 
11.0 	6.0 
6245.0 	394.0 
2.0 	2.0 
10.0 	6.0 
4.0 	2.0 
1.0 	1.0 
12.0 	8.0 
251.0 	53.0 
154.0 	25.0 
18.0 	8.0 
1.0 	1.0 
11.0 	6.0 
1.0 	1.0 
49.0 	19.0 
1.0 	1.0 
1.0 	1.0 
22.0 	10.0 
40916.0 	1342.0 
27.0 	17.0 
3.0 	2.0 
2.0 	2.0 
3.0 	3.0 
8.0 	6.0 
15.0 	11.0 
1.0 	1.0 
49.0 	21.0 
14.0 	7.0 
19.0 	12.0 
17.0 	8.0 
185.0 	47.0 
2.0 	2.0 
103.0 	21.0 
1.0 	1.0 
1.0 	1.0 
20.0 	11.0 
10.0 	7.0 
13.0 	9.0 
17.0 	6.0 
8140.0 	376.0 
2.0 	2.0 
21.0 	12.0 
1.0 	1.0 
40.0 	19.0 
1.0 	1.0 
1.0 	1.0 
1.0 	1.0 
1.0 	1.0 
1.0 	1.0 
2.0 	2.0 
2825.0 	193.0 
1.0 	1.0 
24.0 	13.0 
16455.0 	538.0 
1.0 	1.0 
6321.0 	312.0 
598.0 	83.0 
1.0 	1.0 
42.0 	21.0 
146.0 	22.0 
13.0 	8.0 
505.0 	86.0 
3.0 	3.0 
22.0 	17.0 
1.0 	1.0 
46.0 	12.0 
2.0 	2.0 
4.0 	3.0 
84863.0 	3018.0 
8.0 	6.0 
22.0 	12.0 
1.0 	1.0 
3.0 	3.0 
15.0 	8.0 
17810.0 	717.0 
1.0 	1.0 
28.0 	18.0 
1213.0 	169.0 
2.0 	2.0 
7.0 	6.0 
1.0 	1.0 
2.0 	2.0 
15.0 	9.0 
315.0 	46.0 
233.0 	59.0 
1.0 	1.0 
1.0 	1.0 
1546.0 	173.0 
1.0 	1.0 
1.0 	1.0 
59.0 	17.0 
185.0 	38.0 
3123.0 	170.0 
5058.0 	332.0 
32.0 	16.0 
3.0 	2.0 
8.0 	5.0 
1.0 	1.0 
4.0 	3.0 
3.0 	3.0 
2.0 	2.0 
1.0 	1.0 
2.0 	2.0 
5.0 	5.0 
5.0 	4.0 
1.0 	1.0 
1.0 	1.0 
18.0 	9.0 
1.0 	1.0 
1.0 	1.0 
2.0 	2.0 
1.0 	1.0 
17.0 	8.0 
1.0 	1.0 
9.0 	7.0 
1.0 	1.0 
17.0 	11.0 
1.0 	1.0 
7.0 	6.0 
33.0 	15.0 
283.0 	45.0 
1.0 	1.0 
9384.0 	357.0 
1.0 	1.0 
110.0 	28.0 
2289.0 	266.0 
19.0 	7.0 
5.0 	4.0 
4.0 	4.0 
3865.0 	221.0 
2.0 	2.0 
1.0 	1.0 
1.0 	1.0 
3.0 	2.0 
1.0 	1.0 
1.0 	1.0 
127.0 	30.0 
2.0 	2.0 
530945.0 	7561.0 
28.0 	14.0 
2.0 	2.0 
1.0 	1.0 
3.0 	3.0 
2478.0 	204.0 
1.0 	1.0 
89.0 	32.0 
1.0 	1.0 
245810.0 	5086.0 
2.0 	2.0 
9.0 	6.0 
1.0 	1.0 
119.0 	37.0 
122.0 	40.0 
15092.0 	570.0 
79.0 	31.0 
1.0 	1.0 
23.0 	9.0 
10.0 	4.0 
17.0 	6.0 
1.0 	1.0 
6.0 	4.0 
24.0 	10.0 
2520.0 	249.0 
1.0 	1.0 
2.0 	2.0 
1.0 	1.0 
6.0 	5.0 
1.0 	1.0 
6.0 	5.0 
1490.0 	151.0 
4.0 	4.0 
692.0 	77.0 
11.0 	7.0 
102.0 	31.0 
65.0 	21.0 
2.0 	2.0 
600.0 	50.0 
21.0 	13.0 
1.0 	1.0 
3.0 	3.0 
2.0 	2.0 
19.0 	9.0 
2.0 	2.0 
1.0 	1.0 
1.0 	1.0 
1.0 	1.0 
2.0 	2.0 
3.0 	3.0 
1.0 	1.0 
7.0 	4.0 
2.0 	2.0 
1.0 	1.0 
1.0 	1.0 
4.0 	3.0 
89.0 	22.0 
66082.0 	2109.0 
28.0 	13.0 
2.0 	2.0 
20.0 	10.0 
2.0 	2.0 
1.0 	1.0 
25.0 	7.0 
7.0 	4.0 
97.0 	34.0 
96.0 	21.0 
294762.0 	10000.0 
1.0 	1.0 
1.0 	1.0 
6.0 	5.0 
33.0 	11.0 
1.0 	1.0 
2.0 	2.0 
10.0 	6.0 
178.0 	48.0 
4.0 	3.0 
3.0 	3.0 
135.0 	27.0 
2.0 	2.0 
1.0 	1.0 
1.0 	1.0 
18.0 	11.0 
3.0 	3.0 
1.0 	1.0 
3.0 	2.0 
3592.0 	318.0 
15.0 	6.0 
18.0 	8.0 
1.0 	1.0 
1.0 	1.0 
1.0 	1.0 
1.0 	1.0 
88.0 	21.0 
325335.0 	10000.0 
1.0 	1.0 
1.0 	1.0 
4.0 	4.0 
7.0 	4.0 
6.0 	4.0 
76.0 	34.0 
103866.0 	3284.0 
320.0 	62.0 
2.0 	2.0 
15.0 	6.0 
2.0 	2.0 
1.0 	1.0 
620.0 	101.0 
1.0 	1.0 
2.0 	2.0 
2.0 	2.0 
28.0 	11.0 
1545.0 	159.0 
82.0 	27.0 
1.0 	1.0 
12.0 	5.0 
46.0 	17.0 
2.0 	2.0 
17078.0 	805.0 
2.0 	2.0 
26.0 	12.0 
4410.0 	429.0 
7.0 	6.0 
2.0 	2.0 
108.0 	31.0 
3.0 	2.0 
1.0 	1.0 
2.0 	2.0 
3.0 	2.0 
62.0 	24.0 
1.0 	1.0 
2.0 	2.0 
48.0 	18.0 
6.0 	4.0 
2.0 	2.0 
4.0 	4.0 
147.0 	31.0 
2.0 	2.0 
305.0 	46.0 
6.0 	5.0 
21.0 	11.0 
18.0 	8.0 
733.0 	101.0 
1.0 	1.0 
7.0 	6.0 
3.0 	2.0 
4.0 	3.0 
1.0 	1.0 
1.0 	1.0 
5.0 	5.0 
5.0 	5.0 
7.0 	4.0 
17.0 	8.0 
67.0 	32.0 
659.0 	87.0 
1.0 	1.0 
2.0 	2.0 
534.0 	68.0 
65.0 	23.0 
64.0 	22.0 
2.0 	2.0 
1.0 	1.0 
10.0 	5.0 
4.0 	3.0 
7.0 	5.0 
1.0 	1.0 
1.0 	1.0 
1.0 	1.0 
1.0 	1.0 
10.0 	7.0 
75.0 	24.0 
1.0 	1.0 
108.0 	28.0 
4.0 	3.0 
6.0 	4.0 
28.0 	11.0 
16.0 	8.0 
15.0 	10.0 
7.0 	4.0 
2.0 	2.0 
1.0 	1.0 
422.0 	52.0 
3.0 	2.0 
219.0 	51.0 
877.0 	78.0 
8.0 	7.0 
2.0 	2.0 
1.0 	1.0 
3.0 	3.0 
2.0 	2.0 
284106.0 	8160.0 
170.0 	33.0 
2.0 	2.0 
214.0 	42.0 
34.0 	17.0 
2.0 	2.0 
1.0 	1.0 
46.0 	18.0 
5.0 	4.0 
1.0 	1.0 
2.0 	2.0 
40.0 	13.0 
5.0 	4.0 
8.0 	6.0 
175.0 	52.0 
145.0 	32.0 
2.0 	2.0 
13.0 	8.0 
1.0 	1.0 
19.0 	9.0 
57994.0 	2238.0 
2.0 	2.0 
384.0 	46.0 
1.0 	1.0 
6.0 	5.0 
1.0 	1.0 
3.0 	2.0 
405.0 	47.0 
2978.0 	153.0 
128.0 	44.0 
1.0 	1.0 
1.0 	1.0 
3.0 	3.0 
1.0 	1.0 
104.0 	23.0 
1.0 	1.0 
1.0 	1.0 
5.0 	4.0 
95.0 	23.0 
20.0 	12.0 
3.0 	2.0 
2.0 	2.0 
14.0 	9.0 
4.0 	3.0 
13.0 	8.0 
2995.0 	184.0 
63.0 	18.0 
3.0 	3.0 
19.0 	8.0 
10.0 	5.0 
84.0 	18.0 
1.0 	1.0 
79.0 	21.0 
2.0 	2.0 
3.0 	2.0 
2.0 	2.0 
7.0 	4.0 
13.0 	6.0 
14.0 	10.0 
1.0 	1.0 
434.0 	51.0 
294.0 	59.0 
1103.0 	134.0 
371.0 	89.0 
91.0 	23.0 
47.0 	15.0 
1.0 	1.0 
163.0 	40.0 
29.0 	23.0 
136.0 	36.0 
1.0 	1.0 
8.0 	4.0 
1.0 	1.0 
28526.0 	1562.0 
3.0 	2.0 
3.0 	3.0 
295.0 	55.0 
1.0 	1.0 
6.0 	4.0 
3.0 	2.0 
275.0 	46.0 
1850.0 	170.0 
23139.0 	978.0 
18.0 	15.0 
190367.0 	4769.0 
1337.0 	115.0 
2.0 	2.0 
145.0 	44.0 
1.0 	1.0 
6.0 	4.0 
1.0 	1.0 
14.0 	6.0 
3.0 	2.0 
20160.0 	825.0 
3.0 	3.0 
2.0 	2.0 
2.0 	2.0 
91.0 	22.0 
1.0 	1.0 
24.0 	9.0 
3.0 	3.0 
15.0 	7.0 
51891.0 	1430.0 
1.0 	1.0 
205.0 	46.0 
3.0 	2.0 
3.0 	3.0 
652.0 	104.0 
3.0 	3.0 
1032.0 	119.0 
1.0 	1.0 
1.0 	1.0 
1.0 	1.0 
1565.0 	128.0 
10.0 	5.0 
1.0 	1.0 
5.0 	5.0 
40.0 	11.0 
2.0 	2.0 
1.0 	1.0 
29.0 	12.0 
1.0 	1.0 
46.0 	13.0 
3.0 	3.0 
1535.0 	151.0 
1.0 	1.0 
2.0 	2.0 
3.0 	2.0 
1.0 	1.0 
1.0 	1.0 
85.0 	34.0 
8934.0 	485.0 
41.0 	13.0 
23.0 	14.0 
2.0 	2.0 
105088.0 	2307.0 
1.0 	1.0 
1.0 	1.0 
8.0 	6.0 
1.0 	1.0 
93.0 	32.0 
4.0 	4.0 
385.0 	46.0 
6.0 	5.0 
2.0 	2.0 
1467.0 	117.0 
7.0 	5.0 
226.0 	40.0 
2.0 	2.0 
5.0 	5.0 
14.0 	6.0 
304.0 	59.0 
2.0 	2.0 
5.0 	5.0 
1.0 	1.0 
13.0 	6.0 
2.0 	2.0 
5.0 	4.0 
10.0 	6.0 
18.0 	8.0 
1.0 	1.0 
1683.0 	116.0 
2.0 	2.0 
11.0 	7.0 
113649.0 	2343.0 
1.0 	1.0 
1.0 	1.0 
1.0 	1.0 
70271.0 	1945.0 
158.0 	34.0 
2.0 	2.0 
1.0 	1.0 
1.0 	1.0 
198.0 	42.0 
3.0 	2.0 
5.0 	2.0 
3.0 	3.0 
2.0 	2.0 
1.0 	1.0 
8.0 	6.0 
102267.0 	2887.0 
1.0 	1.0 
111.0 	32.0 
1.0 	1.0 
2.0 	2.0 
1.0 	1.0 
3.0 	3.0 
5.0 	3.0 
2.0 	2.0 
14.0 	7.0 
1.0 	1.0 
9.0 	8.0 
1.0 	1.0 
6932.0 	367.0 
1.0 	1.0 
35.0 	14.0 
21.0 	13.0 
2.0 	2.0 
1.0 	1.0 
672.0 	67.0 
1.0 	1.0 
3.0 	3.0 
4627.0 	196.0 
116.0 	41.0 
2.0 	2.0 
14.0 	11.0 
16.0 	5.0 
3.0 	3.0 
2.0 	2.0 
409.0 	62.0 
21.0 	11.0 
8.0 	8.0 
3.0 	3.0 
2.0 	2.0 
3.0 	2.0 
22.0 	8.0 
4.0 	3.0 
1.0 	1.0 
5.0 	5.0 
2.0 	2.0 
827.0 	63.0 
3.0 	2.0 
6.0 	4.0 
1.0 	1.0 
1.0 	1.0 
3135.0 	223.0 
40.0 	16.0 
76.0 	20.0 
74.0 	16.0 
17.0 	7.0 
9.0 	5.0 
7.0 	4.0 
1.0 	1.0 
50.0 	17.0 
2.0 	2.0 
1.0 	1.0 
3.0 	3.0 
1.0 	1.0 
2.0 	2.0 
13880.0 	602.0 
196.0 	34.0 
46.0 	18.0 
22.0 	12.0 
1.0 	1.0 
2.0 	2.0 
1.0 	1.0 
339.0 	65.0 
360.0 	78.0 
13.0 	7.0 
13.0 	6.0 
2.0 	2.0 
247.0 	58.0 
52.0 	22.0 
1.0 	1.0 
2.0 	2.0 
1.0 	1.0 
16.0 	8.0 
1.0 	1.0 
2.0 	2.0 
14691.0 	403.0 
1.0 	1.0 
1.0 	1.0 
26.0 	9.0 
14.0 	10.0 
2.0 	2.0 
72.0 	18.0 
1.0 	1.0 
7.0 	5.0 
2.0 	2.0 
1.0 	1.0 
793.0 	127.0 
10.0 	8.0 
1.0 	1.0 
29.0 	17.0 
527.0 	112.0 
10.0 	8.0 
47.0 	22.0 
1.0 	1.0 
1.0 	1.0 
181.0 	40.0 
8.0 	5.0 
8.0 	4.0 
168.0 	27.0 
1.0 	1.0 
137.0 	33.0 
67.0 	26.0 
1.0 	1.0 
2.0 	2.0 
49.0 	22.0 
113.0 	30.0 
1.0 	1.0 
3.0 	3.0 
4.0 	3.0 
1.0 	1.0 
6.0 	5.0 
6.0 	4.0 
644.0 	116.0 
11.0 	6.0 
4.0 	3.0 
99.0 	27.0 
3.0 	2.0 
7.0 	7.0 
84865.0 	2520.0 
2.0 	2.0 
69028.0 	2605.0 
2.0 	2.0 
8.0 	5.0 
1.0 	1.0 
22.0 	11.0 
3.0 	2.0 
24.0 	12.0 
17.0 	8.0 
1.0 	1.0 
1.0 	1.0 
201.0 	42.0 
1.0 	1.0 
74.0 	22.0 
147.0 	23.0 
41.0 	20.0 
18307.0 	819.0 
2.0 	2.0 
1.0 	1.0 
1.0 	1.0 
1.0 	1.0 
1.0 	1.0 
30.0 	10.0 
59.0 	23.0 
23.0 	11.0 
2.0 	2.0 
145.0 	30.0 
724.0 	124.0 
3.0 	3.0 
1.0 	1.0 
2.0 	2.0 
1.0 	1.0 
2083.0 	186.0 
1.0 	1.0 
1.0 	1.0 
128.0 	30.0 
21.0 	8.0 
2.0 	2.0 
2.0 	2.0 
1.0 	1.0 
1.0 	1.0 
1.0 	1.0 
38.0 	15.0 
2.0 	2.0 
2.0 	2.0 
1.0 	1.0 
21.0 	14.0 
3.0 	2.0 
1.0 	1.0 
23.0 	10.0 
7.0 	6.0 
35.0 	20.0 
9.0 	5.0 
1.0 	1.0 
2.0 	2.0 
2.0 	2.0 
31.0 	14.0 
17.0 	12.0 
5.0 	4.0 
1.0 	1.0 
41.0 	19.0 
6.0 	4.0 
2.0 	2.0 
1.0 	1.0 
1.0 	1.0 
14.0 	6.0 
4.0 	3.0 
1.0 	1.0 
33.0 	12.0 
1.0 	1.0 
10.0 	6.0 
60.0 	22.0 
1.0 	1.0 
436.0 	63.0 
405.0 	69.0 
221.0 	46.0 
4.0 	3.0 
1.0 	1.0 
1.0 	1.0 
27.0 	14.0 
7.0 	5.0 
4.0 	4.0 
1.0 	1.0 
6.0 	5.0 
1.0 	1.0 
11.0 	7.0 
3.0 	2.0 
473.0 	92.0 
22296.0 	1097.0 
548.0 	86.0 
1.0 	1.0 
2.0 	2.0 
1.0 	1.0 
2.0 	2.0 
2.0 	2.0 
1.0 	1.0 
268.0 	60.0 
3.0 	2.0 
20674.0 	839.0 
17.0 	12.0 
61.0 	30.0 
5.0 	4.0 
1.0 	1.0 
1.0 	1.0 
75.0 	24.0 
1.0 	1.0 
41.0 	12.0 
34239.0 	1176.0 
10156.0 	409.0 
1.0 	1.0 
1151.0 	137.0 
190.0 	46.0 
351.0 	60.0 
2.0 	2.0 
184.0 	38.0 
1.0 	1.0 
1081.0 	77.0 
5.0 	4.0 
2.0 	2.0 
178.0 	29.0 
12.0 	6.0 
1.0 	1.0 
1.0 	1.0 
983.0 	122.0 
179.0 	46.0 
1.0 	1.0 
8.0 	6.0 
3.0 	3.0 
1.0 	1.0 
161.0 	36.0 
222.0 	35.0 
1.0 	1.0 
12.0 	7.0 
153.0 	25.0 
753.0 	109.0 
233.0 	64.0 
93.0 	33.0 
3.0 	3.0 
8.0 	6.0 
330.0 	48.0 
19.0 	9.0 
7.0 	6.0 
12.0 	8.0 
41.0 	20.0 
1.0 	1.0 
23.0 	13.0 
1.0 	1.0 
1.0 	1.0 
2.0 	2.0 
1.0 	1.0 
1.0 	1.0 
1.0 	1.0 
28499.0 	1160.0 
28.0 	10.0 
1.0 	1.0 
1.0 	1.0 
67203.0 	2799.0 
6.0 	5.0 
2.0 	2.0 
5.0 	4.0 
14.0 	9.0 
1.0 	1.0 
1.0 	1.0 
1.0 	1.0 
336369.0 	6335.0 
4215.0 	195.0 
3.0 	2.0 
210.0 	69.0 
413.0 	72.0 
1.0 	1.0 
2.0 	2.0 
116.0 	47.0 
1.0 	1.0 
2801.0 	166.0 
1.0 	1.0 
1.0 	1.0 
1.0 	1.0 
1481.0 	101.0 
15.0 	8.0 
80.0 	25.0 
374.0 	52.0 
1.0 	1.0 
34.0 	12.0 
2.0 	2.0 
2.0 	2.0 
6.0 	5.0 
381.0 	99.0 
286.0 	66.0 
6.0 	4.0 
4.0 	3.0 
1.0 	1.0 
9.0 	5.0 
19.0 	9.0 
2.0 	2.0 
4.0 	2.0 
7.0 	5.0 
3.0 	2.0 
4.0 	3.0 
3.0 	2.0 
1.0 	1.0 
3.0 	3.0 
163.0 	44.0 
1235.0 	197.0 
1.0 	1.0 
2.0 	2.0 
5.0 	3.0 
4.0 	3.0 
46.0 	16.0 
81.0 	26.0 
23.0 	7.0 
3.0 	2.0 
293.0 	41.0 
135.0 	26.0 
4.0 	4.0 
3.0 	2.0 
9.0 	6.0 
14.0 	9.0 
183.0 	39.0 
13.0 	7.0 
1.0 	1.0 
3.0 	3.0 
2.0 	2.0 
6.0 	5.0 
5.0 	5.0 
78.0 	23.0 
14.0 	6.0 
1.0 	1.0 
2579.0 	219.0 
62.0 	23.0 
3.0 	2.0 
29.0 	13.0 
51.0 	16.0 
2.0 	2.0 
1.0 	1.0 
620.0 	76.0 
7.0 	6.0 
1.0 	1.0 
10096.0 	537.0 
5.0 	3.0 
1.0 	1.0 
10.0 	6.0 
1.0 	1.0 
710.0 	70.0 
1.0 	1.0 
26.0 	16.0 
1.0 	1.0 
6.0 	4.0 
1.0 	1.0 
2.0 	2.0 
2308.0 	228.0 
6.0 	4.0 
43.0 	16.0 
14.0 	9.0 
3.0 	2.0 
2.0 	2.0 
20.0 	9.0 
1.0 	1.0 
312.0 	62.0 
1.0 	1.0 
1.0 	1.0 
1.0 	1.0 
39.0 	16.0 
24.0 	9.0 
2.0 	2.0 
1.0 	1.0 
2.0 	2.0 
312.0 	79.0 
5.0 	5.0 
2.0 	2.0 
3.0 	2.0 
17.0 	5.0 
17.0 	9.0 
2.0 	2.0 
2.0 	2.0 
1871.0 	183.0 
16.0 	10.0 
1148.0 	150.0 
1.0 	1.0 
30.0 	9.0 
6.0 	6.0 
4.0 	3.0 
363.0 	45.0 
1.0 	1.0 
6.0 	4.0 
3.0 	3.0 
34.0 	16.0 
2.0 	2.0 
1.0 	1.0 
1.0 	1.0 
11.0 	7.0 
1.0 	1.0 
1.0 	1.0 
91.0 	20.0 
3.0 	3.0 
1156.0 	122.0 
1.0 	1.0 
1.0 	1.0 
1.0 	1.0 
29.0 	15.0 
2.0 	2.0 
158.0 	30.0 
1.0 	1.0 
1.0 	1.0 
4.0 	4.0 
5.0 	4.0 
344.0 	96.0 
20.0 	9.0 
203.0 	60.0 
3.0 	2.0 
2.0 	2.0 
1.0 	1.0 
21.0 	9.0 
2.0 	2.0 
21.0 	10.0 
4.0 	3.0 
1.0 	1.0 
27.0 	16.0 
37.0 	14.0 
2.0 	2.0 
2.0 	2.0 
60.0 	22.0 
2.0 	2.0 
1.0 	1.0 
114.0 	27.0 
53.0 	22.0 
1786.0 	189.0 
1.0 	1.0 
613.0 	101.0 
2.0 	2.0 
20.0 	15.0 
19.0 	10.0 
10.0 	8.0 
1.0 	1.0 
34.0 	16.0 
3.0 	3.0 
1.0 	1.0 
14.0 	7.0 
2.0 	2.0 
1.0 	1.0 
2.0 	2.0 
5.0 	3.0 
79.0 	22.0 
980.0 	94.0 
2.0 	2.0 
967.0 	170.0 
2.0 	2.0 
1.0 	1.0 
9.0 	6.0 
22.0 	12.0 
710.0 	84.0 
75.0 	18.0 
43.0 	19.0 
118.0 	33.0 
1.0 	1.0 
1.0 	1.0 
1.0 	1.0 
13803.0 	855.0 
1.0 	1.0 
1.0 	1.0 
196.0 	41.0 
1.0 	1.0 
2.0 	2.0 
6.0 	6.0 
8.0 	5.0 
3.0 	2.0 
2.0 	2.0 
1.0 	1.0 
53344.0 	987.0 
12.0 	8.0 
12.0 	10.0 
137.0 	36.0 
3.0 	2.0 
9.0 	4.0 
48.0 	23.0 
95399.0 	3527.0 
190.0 	35.0 
463.0 	79.0 
1.0 	1.0 
1.0 	1.0 
6.0 	5.0 
7.0 	4.0 
1.0 	1.0 
9.0 	6.0 
2.0 	2.0 
1002.0 	176.0 
19.0 	14.0 
9.0 	7.0 
17.0 	9.0 
25.0 	11.0 
28.0 	14.0 
2.0 	2.0 
3.0 	3.0 
28.0 	13.0 
34.0 	11.0 
1.0 	1.0 
1.0 	1.0 
31.0 	11.0 
1.0 	1.0 
1.0 	1.0 
1.0 	1.0 
6.0 	4.0 
1189.0 	72.0 
5.0 	5.0 
7.0 	4.0 
1.0 	1.0 
21.0 	8.0 
1.0 	1.0 
150.0 	37.0 
2.0 	2.0 
850.0 	97.0 
1.0 	1.0 
1.0 	1.0 
1.0 	1.0 
1.0 	1.0 
1.0 	1.0 
1.0 	1.0 
15.0 	7.0 
6.0 	6.0 
8.0 	6.0 
620.0 	84.0 
7.0 	5.0 
12.0 	7.0 
4.0 	3.0 
1445.0 	117.0 
1.0 	1.0 
1.0 	1.0 
1.0 	1.0 
7.0 	4.0 
2.0 	2.0 
11.0 	5.0 
4.0 	3.0 
986.0 	148.0 
1.0 	1.0 
109.0 	33.0 
2.0 	2.0 
10403.0 	590.0 
577.0 	119.0 
8.0 	7.0 
10.0 	5.0 
2.0 	2.0 
4.0 	3.0 
1.0 	1.0 
9.0 	4.0 
2.0 	2.0 
149.0 	34.0 
4.0 	3.0 
4.0 	4.0 
277.0 	61.0 
11.0 	11.0 
2.0 	2.0 
3.0 	2.0 
7.0 	7.0 
4.0 	2.0 
1.0 	1.0 
1.0 	1.0 
11.0 	6.0 
359.0 	48.0 
14.0 	7.0 
3.0 	2.0 
1.0 	1.0 
49.0 	14.0 
1.0 	1.0 
6.0 	5.0 
4.0 	3.0 
37.0 	17.0 
1.0 	1.0 
1.0 	1.0 
43063.0 	1406.0 
884.0 	87.0 
643.0 	87.0 
8825.0 	307.0 
548.0 	93.0 
1.0 	1.0 
40.0 	17.0 
4.0 	4.0 
2.0 	2.0 
9.0 	4.0 
5.0 	4.0 
34.0 	15.0 
58.0 	21.0 
1.0 	1.0 
3.0 	2.0 
872.0 	101.0 
8.0 	6.0 
4.0 	2.0 
4771.0 	482.0 
25.0 	11.0 
13123.0 	446.0 
3.0 	2.0 
1.0 	1.0 
9.0 	5.0 
8.0 	6.0 
48.0 	15.0 
283.0 	70.0 
1.0 	1.0 
4.0 	3.0 
1.0 	1.0 
1.0 	1.0 
2.0 	2.0 
1.0 	1.0 
10.0 	5.0 
1.0 	1.0 
38.0 	14.0 
1.0 	1.0 
21653.0 	957.0 
2.0 	2.0 
2.0 	2.0 
8.0 	5.0 
13.0 	8.0 
6072.0 	438.0 
35664.0 	1035.0 
1.0 	1.0 
61.0 	13.0 
16.0 	10.0 
1.0 	1.0 
3.0 	3.0 
2.0 	2.0 
1.0 	1.0 
110.0 	28.0 
1.0 	1.0 
4.0 	3.0 
2.0 	2.0 
1.0 	1.0 
1.0 	1.0 
19.0 	8.0 
7.0 	4.0 
2.0 	2.0 
1.0 	1.0 
2.0 	2.0 
34145.0 	1110.0 
2.0 	2.0 
1.0 	1.0 
3.0 	3.0 
35.0 	15.0 
1.0 	1.0 
3.0 	3.0 
1.0 	1.0 
7.0 	4.0 
1.0 	1.0 
17344.0 	537.0 
1.0 	1.0 
249.0 	32.0 
32.0 	18.0 
1.0 	1.0 
24.0 	7.0 
1.0 	1.0 
5.0 	3.0 
5.0 	5.0 
25.0 	9.0 
9.0 	5.0 
5.0 	4.0 
341.0 	64.0 
396.0 	60.0 
3.0 	3.0 
8528.0 	292.0 
40.0 	11.0 
2.0 	2.0 
29.0 	15.0 
15.0 	9.0 
3.0 	2.0 
1.0 	1.0 
33.0 	16.0 
13.0 	7.0 
28.0 	21.0 
3.0 	3.0 
1.0 	1.0 
1.0 	1.0 
4.0 	3.0 
1.0 	1.0 
1760.0 	158.0 
5.0 	4.0 
22.0 	9.0 
5.0 	4.0 
12.0 	6.0 
3.0 	3.0 
1334.0 	86.0 
4.0 	4.0 
2.0 	2.0 
2.0 	2.0 
6.0 	5.0 
6.0 	6.0 
140.0 	36.0 
18.0 	12.0 
55.0 	11.0 
1.0 	1.0 
1.0 	1.0 
4.0 	3.0 
1.0 	1.0 
1.0 	1.0 
1.0 	1.0 
3.0 	2.0 
175.0 	26.0 
2.0 	2.0 
12892.0 	844.0 
2.0 	2.0 
11.0 	7.0 
1.0 	1.0 
23.0 	10.0 
3.0 	3.0 
110.0 	26.0 
40.0 	14.0 
6.0 	4.0 
52.0 	20.0 
1.0 	1.0 
32.0 	13.0 
1.0 	1.0 
224.0 	43.0 
1.0 	1.0 
15.0 	9.0 
5.0 	4.0 
10.0 	6.0 
1.0 	1.0 
3.0 	2.0 
1.0 	1.0 
1.0 	1.0 
15.0 	7.0 
6.0 	5.0 
1.0 	1.0 
6.0 	4.0 
82.0 	26.0 
26.0 	9.0 
8389.0 	439.0 
33.0 	16.0 
1.0 	1.0 
21.0 	13.0 
69.0 	20.0 
23.0 	10.0 
2.0 	2.0 
1.0 	1.0 
1.0 	1.0 
1.0 	1.0 
1.0 	1.0 
175297.0 	4432.0 
21.0 	9.0 
1.0 	1.0 
1.0 	1.0 
20.0 	11.0 
1.0 	1.0 
1.0 	1.0 
257.0 	51.0 
1.0 	1.0 
1.0 	1.0 
21.0 	10.0 
306.0 	43.0 
3.0 	3.0 
20.0 	10.0 
1.0 	1.0 
1.0 	1.0 
120.0 	22.0 
1.0 	1.0 
97.0 	26.0 
760.0 	95.0 
1.0 	1.0 
3.0 	3.0 
7.0 	6.0 
2.0 	2.0 
19.0 	11.0 
1.0 	1.0 
1.0 	1.0 
1.0 	1.0 
1.0 	1.0 
1.0 	1.0 
9.0 	6.0 
2.0 	2.0 
1.0 	1.0 
3.0 	2.0 
1792.0 	138.0 
7.0 	6.0 
1.0 	1.0 
25.0 	11.0 
2.0 	2.0 
1.0 	1.0 
2.0 	2.0 
402.0 	62.0 
3.0 	2.0 
54.0 	20.0 
2.0 	2.0 
2.0 	2.0 
7.0 	5.0 
471.0 	88.0 
17.0 	11.0 
6.0 	4.0 
21.0 	11.0 
4956.0 	574.0 
1173.0 	108.0 
163.0 	40.0 
1.0 	1.0 
897.0 	126.0 
839.0 	91.0 
222969.0 	4034.0 
2.0 	2.0 
7.0 	6.0 
8.0 	5.0 
19412.0 	889.0 
917.0 	92.0 
36.0 	20.0 
40.0 	17.0 
1348.0 	112.0 
81.0 	20.0 
8884.0 	477.0 
1.0 	1.0 
1.0 	1.0 
3.0 	2.0 
12935.0 	435.0 
70.0 	23.0 
6.0 	4.0 
7.0 	4.0 
2.0 	2.0 
1.0 	1.0 
5.0 	4.0 
1.0 	1.0 
47.0 	16.0 
18.0 	11.0 
3.0 	3.0 
1.0 	1.0 
463.0 	77.0 
101.0 	32.0 
192.0 	32.0 
7.0 	6.0 
80.0 	29.0 
54.0 	16.0 
103.0 	25.0 
1.0 	1.0 
1.0 	1.0 
1.0 	1.0 
19.0 	8.0 
73.0 	25.0 
990.0 	141.0 
1.0 	1.0 
10.0 	7.0 
3952.0 	255.0 
99.0 	14.0 
402.0 	96.0 
1.0 	1.0 
1.0 	1.0 
2116.0 	220.0 
18.0 	6.0 
4.0 	3.0 
2.0 	2.0 
3.0 	2.0 
81.0 	20.0 
7.0 	6.0 
111.0 	38.0 
2.0 	2.0 
1.0 	1.0 
4.0 	3.0 
3.0 	3.0 
239.0 	42.0 
39.0 	13.0 
672.0 	119.0 
303392.0 	4456.0 
1.0 	1.0 
13.0 	6.0 
1.0 	1.0 
1.0 	1.0 
2.0 	2.0 
29.0 	15.0 
1223.0 	134.0 
887.0 	90.0 
672.0 	118.0 
1.0 	1.0 
4659.0 	384.0 
37.0 	13.0 
16.0 	10.0 
8.0 	5.0 
1.0 	1.0 
6.0 	4.0 
1.0 	1.0 
1.0 	1.0 
1.0 	1.0 
38.0 	12.0 
1402.0 	192.0 
3.0 	3.0 
1593.0 	189.0 
1.0 	1.0 
33.0 	19.0 
1.0 	1.0 
489.0 	69.0 
482.0 	122.0 
25.0 	12.0 
2.0 	2.0 
1.0 	1.0 
1.0 	1.0 
12.0 	7.0 
4.0 	3.0 
11.0 	5.0 
46.0 	19.0 
849.0 	122.0 
3.0 	2.0 
4.0 	4.0 
7.0 	4.0 
1.0 	1.0 
9.0 	6.0 
12.0 	10.0 
3.0 	3.0 
3.0 	2.0 
1.0 	1.0 
1.0 	1.0 
4188.0 	226.0 
142.0 	28.0 
1.0 	1.0 
1.0 	1.0 
1.0 	1.0 
211.0 	71.0 
4.0 	4.0 
2140.0 	187.0 
260.0 	73.0 
146.0 	23.0 
71.0 	23.0 
33.0 	12.0 
2.0 	2.0 
289.0 	54.0 
2.0 	2.0 
1.0 	1.0 
2.0 	2.0 
1.0 	1.0 
6.0 	3.0 
5.0 	4.0 
2.0 	2.0 
2.0 	2.0 
6.0 	4.0 
1.0 	1.0 
32.0 	11.0 
5.0 	5.0 
1.0 	1.0 
2.0 	2.0 
6.0 	4.0 
42.0 	21.0 
4.0 	3.0 
7575.0 	393.0 
707.0 	98.0 
41.0 	17.0 
1.0 	1.0 
4.0 	4.0 
8.0 	5.0 
4041.0 	421.0 
109.0 	25.0 
321.0 	38.0 
4.0 	3.0 
16.0 	8.0 
60.0 	21.0 
4.0 	4.0 
1.0 	1.0 
8.0 	6.0 
1.0 	1.0 
1.0 	1.0 
39.0 	14.0 
300.0 	54.0 
360.0 	52.0 
1.0 	1.0 
2.0 	2.0 
2.0 	2.0 
446.0 	59.0 
4.0 	3.0 
1.0 	1.0 
2513.0 	340.0 
26.0 	10.0 
1.0 	1.0 
1.0 	1.0 
2.0 	2.0 
1.0 	1.0 
15.0 	9.0 
1.0 	1.0 
644254.0 	8275.0 
42.0 	15.0 
1.0 	1.0 
40.0 	21.0 
1.0 	1.0 
7.0 	6.0 
4.0 	4.0 
9.0 	5.0 
6.0 	5.0 
16453.0 	1082.0 
20.0 	10.0 
11455.0 	486.0 
1.0 	1.0 
47.0 	16.0 
192.0 	35.0 
2.0 	2.0 
17.0 	10.0 
56.0 	17.0 
1.0 	1.0 
1.0 	1.0 
68.0 	23.0 
161.0 	38.0 
2.0 	2.0 
1.0 	1.0 
21.0 	15.0 
1.0 	1.0 
37.0 	10.0 
45.0 	26.0 
103.0 	31.0 
1.0 	1.0 
1.0 	1.0 
1.0 	1.0 
3.0 	3.0 
8.0 	8.0 
507.0 	59.0 
63.0 	22.0 
1.0 	1.0 
25.0 	8.0 
7.0 	7.0 
3.0 	3.0 
657.0 	108.0 
5.0 	3.0 
2257.0 	200.0 
3.0 	3.0 
1.0 	1.0 
367.0 	56.0 
1.0 	1.0 
7.0 	5.0 
1.0 	1.0 
1716.0 	160.0 
352.0 	57.0 
8.0 	5.0 
2.0 	2.0 
3.0 	2.0 
4.0 	3.0 
35.0 	22.0 
255912.0 	5227.0 
32.0 	17.0 
155.0 	37.0 
1.0 	1.0 
7.0 	6.0 
1.0 	1.0 
17.0 	9.0 
2.0 	2.0 
2.0 	2.0 
1.0 	1.0 
2.0 	2.0 
77.0 	38.0 
1.0 	1.0 
1.0 	1.0 
4.0 	3.0 
33487.0 	940.0 
1595.0 	102.0 
14.0 	9.0 
21.0 	11.0 
1.0 	1.0 
1.0 	1.0 
79.0 	17.0 
61.0 	14.0 
1374.0 	102.0 
3.0 	2.0 
229.0 	53.0 
183.0 	42.0 
23.0 	11.0 
1.0 	1.0 
9.0 	7.0 
4.0 	4.0 
1.0 	1.0 
192373.0 	2711.0 
56.0 	19.0 
1.0 	1.0 
45.0 	17.0 
12.0 	9.0 
99.0 	38.0 
1.0 	1.0 
3.0 	2.0 
1.0 	1.0 
1.0 	1.0 
120.0 	29.0 
311.0 	45.0 
7.0 	6.0 
7009.0 	362.0 
10.0 	6.0 
4.0 	3.0 
15.0 	7.0 
5.0 	3.0 
36.0 	14.0 
1.0 	1.0 
81.0 	31.0 
1.0 	1.0 
49.0 	15.0 
100381.0 	1934.0 
255.0 	37.0 
1.0 	1.0 
17.0 	10.0 
99.0 	22.0 
277.0 	50.0 
78077.0 	1794.0 
2.0 	2.0 
98.0 	29.0 
7.0 	5.0 
1.0 	1.0 
1462.0 	125.0 
3361.0 	221.0 
8.0 	5.0 
17309.0 	578.0 
1.0 	1.0 
1.0 	1.0 
6.0 	4.0 
3.0 	3.0 
366.0 	55.0 
2.0 	2.0 
1.0 	1.0 
3.0 	3.0 
1.0 	1.0 
1.0 	1.0 
1.0 	1.0 
2.0 	2.0 
227.0 	43.0 
1.0 	1.0 
42.0 	18.0 
18.0 	11.0 
4625.0 	289.0 
14.0 	11.0 
47019.0 	1567.0 
12.0 	6.0 
1.0 	1.0 
11.0 	7.0 
12.0 	9.0 
1.0 	1.0 
1.0 	1.0 
1.0 	1.0 
35.0 	14.0 
2.0 	2.0 
4.0 	3.0 
2.0 	2.0 
29.0 	9.0 
1.0 	1.0 
1.0 	1.0 
2.0 	2.0 
14.0 	6.0 
39.0 	19.0 
136.0 	30.0 
3.0 	3.0 
2.0 	2.0 
90.0 	25.0 
4.0 	3.0 
4.0 	3.0 
1.0 	1.0 
20177.0 	926.0 
2.0 	2.0 
1.0 	1.0 
2.0 	2.0 
1.0 	1.0 
629.0 	84.0 
2.0 	2.0 
1.0 	1.0 
2.0 	2.0 
894.0 	112.0 
69.0 	17.0 
1.0 	1.0 
643.0 	142.0 
192.0 	50.0 
16.0 	12.0 
11.0 	7.0 
1.0 	1.0 
1.0 	1.0 
4.0 	4.0 
1.0 	1.0 
1.0 	1.0 
24.0 	10.0 
1.0 	1.0 
1.0 	1.0 
23.0 	7.0 
5.0 	5.0 
1.0 	1.0 
1.0 	1.0 
580.0 	57.0 
1.0 	1.0 
3.0 	2.0 
5.0 	4.0 
4.0 	3.0 
7.0 	4.0 
173.0 	26.0 
6.0 	5.0 
4.0 	3.0 
24.0 	12.0 
239.0 	43.0 
157.0 	32.0 
3.0 	3.0 
1.0 	1.0 
1.0 	1.0 
33.0 	13.0 
1.0 	1.0 
4403.0 	311.0 
11.0 	5.0 
1.0 	1.0 
4.0 	3.0 
9417.0 	620.0 
1.0 	1.0 
2.0 	2.0 
2.0 	2.0 
1.0 	1.0 
36.0 	19.0 
24.0 	11.0 
3.0 	3.0 
12.0 	8.0 
51311.0 	1655.0 
1.0 	1.0 
1.0 	1.0 
9.0 	6.0 
2.0 	2.0 
5.0 	5.0 
44068.0 	1559.0 
8.0 	3.0 
1.0 	1.0 
1.0 	1.0 
584.0 	104.0 
1.0 	1.0 
1.0 	1.0 
17.0 	8.0 
498.0 	67.0 
61.0 	17.0 
15.0 	7.0 
216.0 	36.0 
9.0 	4.0 
16.0 	9.0 
2.0 	2.0 
76.0 	22.0 
8.0 	6.0 
47.0 	13.0 
4.0 	4.0 
5.0 	4.0 
5.0 	5.0 
1.0 	1.0 
2.0 	2.0 
6.0 	4.0 
447.0 	61.0 
7.0 	5.0 
119.0 	23.0 
1.0 	1.0 
10.0 	4.0 
3.0 	2.0 
174.0 	38.0 
115.0 	24.0 
1.0 	1.0 
1.0 	1.0 
1.0 	1.0 
22.0 	10.0 
7.0 	5.0 
1.0 	1.0 
2.0 	2.0 
1.0 	1.0 
1.0 	1.0 
1.0 	1.0 
2.0 	2.0 
2.0 	2.0 
19.0 	9.0 
9.0 	6.0 
1829.0 	113.0 
340.0 	66.0 
10.0 	9.0 
9.0 	6.0 
57.0 	18.0 
3.0 	3.0 
184.0 	40.0 
1.0 	1.0 
37.0 	13.0 
47.0 	16.0 
1.0 	1.0 
39.0 	13.0 
29.0 	9.0 
68.0 	25.0 
109.0 	30.0 
23.0 	12.0 
24.0 	12.0 
1.0 	1.0 
1.0 	1.0 
1.0 	1.0 
1.0 	1.0 
1528.0 	133.0 
6.0 	4.0 
107.0 	45.0 
5.0 	4.0 
46.0 	19.0 
51.0 	16.0 
8.0 	5.0 
1.0 	1.0 
2.0 	2.0 
1480.0 	130.0 
1.0 	1.0 
1.0 	1.0 
1.0 	1.0 
364.0 	62.0 
1.0 	1.0 
45655.0 	1319.0 
130.0 	39.0 
2.0 	2.0 
9.0 	6.0 
168.0 	52.0 
31800.0 	1327.0 
1.0 	1.0 
50.0 	17.0 
2.0 	2.0 
3.0 	3.0 
404.0 	69.0 
1.0 	1.0 
1.0 	1.0 
1.0 	1.0 
4.0 	4.0 
1.0 	1.0 
2.0 	2.0 
1.0 	1.0 
392812.0 	6719.0 
54.0 	22.0 
4.0 	4.0 
1.0 	1.0 
86.0 	27.0 
36.0 	16.0 
7.0 	6.0 
2.0 	2.0 
80066.0 	2130.0 
3.0 	3.0 
9.0 	7.0 
50.0 	14.0 
39838.0 	1152.0 
1.0 	1.0 
32.0 	12.0 
583.0 	66.0 
1943.0 	161.0 
718.0 	124.0 
33.0 	11.0 
2231.0 	151.0 
2.0 	2.0 
541711.0 	7175.0 
3.0 	3.0 
1.0 	1.0 
26315.0 	878.0 
1.0 	1.0 
1.0 	1.0 
2.0 	2.0 
31.0 	16.0 
2.0 	2.0 
12.0 	8.0 
2.0 	2.0 
94.0 	27.0 
4.0 	4.0 
1.0 	1.0 
29.0 	12.0 
93769.0 	3198.0 
4.0 	3.0 
1.0 	1.0 
1.0 	1.0 
7.0 	5.0 
37.0 	15.0 
2.0 	2.0 
3.0 	3.0 
5103.0 	234.0 
4.0 	3.0 
62.0 	18.0 
1657.0 	142.0 
19908.0 	764.0 
1940.0 	222.0 
278.0 	48.0 
412.0 	47.0 
1.0 	1.0 
113771.0 	3827.0 
1.0 	1.0 
288.0 	36.0 
1.0 	1.0 
7.0 	4.0 
2.0 	2.0 
1.0 	1.0 
37.0 	23.0 
1.0 	1.0 
1.0 	1.0 
2.0 	2.0 
1.0 	1.0 
2.0 	2.0 
1.0 	1.0 
3.0 	3.0 
35.0 	13.0 
37.0 	14.0 
1.0 	1.0 
1.0 	1.0 
6.0 	4.0 
16.0 	9.0 
172709.0 	6104.0 
1.0 	1.0 
4.0 	3.0 
5.0 	4.0 
18.0 	7.0 
11.0 	5.0 
1.0 	1.0 
3.0 	3.0 
18289.0 	630.0 
1284.0 	121.0 
34.0 	16.0 
6.0 	4.0 
486.0 	128.0 
146.0 	38.0 
1.0 	1.0 
1.0 	1.0 
18.0 	14.0 
159.0 	40.0 
12.0 	10.0 
2012.0 	218.0 
1.0 	1.0 
8.0 	6.0 
120.0 	43.0 
1.0 	1.0 
33.0 	15.0 
1362.0 	116.0 
2.0 	2.0 
10.0 	7.0 
1.0 	1.0 
5.0 	5.0 
23.0 	17.0 
1916.0 	143.0 
24.0 	9.0 
3.0 	3.0 
1.0 	1.0 
147.0 	33.0 
1.0 	1.0 
6.0 	4.0 
3.0 	3.0 
11.0 	6.0 
2.0 	2.0 
2.0 	2.0 
1.0 	1.0 
1.0 	1.0 
1333.0 	193.0 
1.0 	1.0 
186.0 	42.0 
1.0 	1.0 
1.0 	1.0 
1.0 	1.0 
156.0 	42.0 
3.0 	2.0 
1.0 	1.0 
3.0 	2.0 
1.0 	1.0 
1.0 	1.0 
1.0 	1.0 
1.0 	1.0 
1.0 	1.0 
12.0 	9.0 
18.0 	7.0 
6.0 	4.0 
1.0 	1.0 
42.0 	14.0 
1.0 	1.0 
9.0 	7.0 
2.0 	2.0 
1.0 	1.0 
1.0 	1.0 
1.0 	1.0 
2.0 	2.0 
66.0 	22.0 
2.0 	2.0 
488937.0 	8866.0 
1.0 	1.0 
3.0 	2.0 
25.0 	14.0 
1530.0 	128.0 
1.0 	1.0 
1525.0 	143.0 
2.0 	2.0 
1.0 	1.0 
1.0 	1.0 
15.0 	8.0 
1.0 	1.0 
39.0 	15.0 
1.0 	1.0 
21.0 	7.0 
2893.0 	135.0 
2.0 	2.0 
1.0 	1.0 
1170.0 	123.0 
1.0 	1.0 
2.0 	2.0 
18.0 	9.0 
18470.0 	717.0 
1.0 	1.0 
4638.0 	304.0 
1.0 	1.0 
18.0 	9.0 
22.0 	10.0 
34.0 	14.0 
4093.0 	278.0 
13.0 	6.0 
3.0 	3.0 
2634.0 	244.0 
27.0 	14.0 
19986.0 	777.0 
1.0 	1.0 
14.0 	9.0 
1.0 	1.0 
198.0 	31.0 
7.0 	5.0 
2.0 	2.0 
227.0 	36.0 
46804.0 	1015.0 
40.0 	20.0 
2210.0 	231.0 
2.0 	2.0 
2.0 	2.0 
2.0 	2.0 
1.0 	1.0 
7.0 	4.0 
305384.0 	5092.0 
3.0 	3.0 
52.0 	18.0 
3.0 	2.0 
14.0 	5.0 
4.0 	3.0 
305.0 	93.0 
291.0 	46.0 
1.0 	1.0 
8.0 	6.0 
463.0 	88.0 
175.0 	54.0 
131.0 	33.0 
1.0 	1.0 
3.0 	3.0 
2.0 	2.0 
1.0 	1.0 
125.0 	34.0 
16.0 	11.0 
1.0 	1.0 
3.0 	2.0 
371.0 	77.0 
1.0 	1.0 
2.0 	2.0 
8.0 	5.0 
2.0 	2.0 
41045.0 	1732.0 
1.0 	1.0 
2.0 	2.0 
3.0 	2.0 
8.0 	6.0 
4.0 	4.0 
111.0 	22.0 
157.0 	41.0 
7.0 	4.0 
3.0 	2.0 
13.0 	10.0 
3.0 	2.0 
1.0 	1.0 
6.0 	3.0 
1.0 	1.0 
1326.0 	91.0 
5.0 	5.0 
16.0 	5.0 
4.0 	4.0 
1.0 	1.0 
2.0 	2.0 
38.0 	17.0 
41.0 	14.0 
3.0 	3.0 
2.0 	2.0 
1.0 	1.0 
11.0 	4.0 
1.0 	1.0 
1.0 	1.0 
11.0 	5.0 
10.0 	7.0 
2.0 	2.0 
1.0 	1.0 
1.0 	1.0 
13.0 	6.0 
17.0 	12.0 
1.0 	1.0 
1.0 	1.0 
1.0 	1.0 
1.0 	1.0 
193.0 	38.0 
9.0 	6.0 
3792.0 	227.0 
4.0 	3.0 
3.0 	2.0 
1.0 	1.0 
2.0 	2.0 
1.0 	1.0 
1.0 	1.0 
4.0 	3.0 
278.0 	57.0 
5.0 	4.0 
1.0 	1.0 
3.0 	3.0 
1231.0 	90.0 
1.0 	1.0 
1.0 	1.0 
145.0 	43.0 
4.0 	4.0 
4.0 	3.0 
2.0 	2.0 
1099.0 	95.0 
1.0 	1.0 
3.0 	3.0 
1.0 	1.0 
19.0 	11.0 
1.0 	1.0 
168.0 	58.0 
2.0 	2.0 
74.0 	26.0 
62.0 	23.0 
10.0 	5.0 
11.0 	7.0 
3.0 	2.0 
1.0 	1.0 
13214.0 	785.0 
5699.0 	570.0 
3.0 	3.0 
335.0 	68.0 
1.0 	1.0 
2590.0 	179.0 
8151.0 	341.0 
227891.0 	7983.0 
77.0 	24.0 
1.0 	1.0 
4.0 	3.0 
84.0 	25.0 
9.0 	7.0 
1.0 	1.0 
1.0 	1.0 
5.0 	4.0 
19.0 	7.0 
11.0 	6.0 
1.0 	1.0 
37.0 	18.0 
1.0 	1.0 
1.0 	1.0 
2.0 	2.0 
5.0 	4.0 
203.0 	47.0 
1.0 	1.0 
2.0 	2.0 
5.0 	4.0 
8.0 	5.0 
31.0 	13.0 
256.0 	49.0 
15.0 	7.0 
34.0 	12.0 
40.0 	11.0 
1.0 	1.0 
2.0 	2.0 
4.0 	4.0 
1.0 	1.0 
95.0 	20.0 
1.0 	1.0 
5.0 	4.0 
1.0 	1.0 
2.0 	2.0 
136.0 	38.0 
1.0 	1.0 
5.0 	4.0 
4.0 	3.0 
1.0 	1.0 
405.0 	77.0 
1.0 	1.0 
142.0 	44.0 
1.0 	1.0 
4207.0 	420.0 
3.0 	2.0 
10.0 	8.0 
3.0 	3.0 
1.0 	1.0 
1.0 	1.0 
1.0 	1.0 
323.0 	59.0 
166.0 	45.0 
64.0 	19.0 
23.0 	8.0 
8.0 	6.0 
3.0 	3.0 
1.0 	1.0 
11.0 	7.0 
1.0 	1.0 
21.0 	8.0 
75.0 	19.0 
1.0 	1.0 
2.0 	2.0 
76.0 	25.0 
2.0 	2.0 
7466.0 	481.0 
5.0 	4.0 
19.0 	9.0 
5.0 	5.0 
1.0 	1.0 
6.0 	4.0 
14.0 	7.0 
8.0 	6.0 
11.0 	7.0 
395.0 	86.0 
87.0 	26.0 
88.0 	18.0 
241.0 	71.0 
12327.0 	1229.0 
68.0 	18.0 
67.0 	22.0 
22.0 	9.0 
12959.0 	762.0 
7.0 	4.0 
4237.0 	275.0 
5.0 	4.0 
10.0 	5.0 
1.0 	1.0 
1.0 	1.0 
2.0 	2.0 
2.0 	2.0 
11.0 	5.0 
9426.0 	616.0 
2.0 	2.0 
1.0 	1.0 
42.0 	19.0 
21.0 	9.0 
2.0 	2.0 
50.0 	13.0 
26.0 	13.0 
18.0 	14.0 
43.0 	21.0 
651.0 	50.0 
1.0 	1.0 
7.0 	6.0 
1.0 	1.0 
12.0 	6.0 
92.0 	37.0 
2.0 	2.0 
8494.0 	410.0 
744968.0 	9930.0 
3.0 	2.0 
1103.0 	108.0 
36.0 	17.0 
31.0 	12.0 
1.0 	1.0 
1.0 	1.0 
1.0 	1.0 
2.0 	2.0 
262.0 	54.0 
22817.0 	731.0 
1.0 	1.0 
2035.0 	205.0 
1681.0 	176.0 
1.0 	1.0 
27.0 	16.0 
157.0 	39.0 
203.0 	44.0 
3.0 	3.0 
56.0 	18.0 
1.0 	1.0 
509.0 	130.0 
1.0 	1.0 
109.0 	20.0 
1.0 	1.0 
43.0 	15.0 
3.0 	2.0 
1.0 	1.0 
36.0 	10.0 
2.0 	2.0 
115.0 	36.0 
4.0 	3.0 
3.0 	2.0 
18.0 	8.0 
6.0 	5.0 
3.0 	3.0 
83.0 	23.0 
3.0 	3.0 
34.0 	15.0 
24.0 	12.0 
3.0 	2.0 
4.0 	3.0 
12.0 	6.0 
5.0 	3.0 
21159.0 	784.0 
16.0 	11.0 
243.0 	55.0 
5.0 	4.0 
4.0 	3.0 
1.0 	1.0 
1.0 	1.0 
324.0 	65.0 
1.0 	1.0 
1.0 	1.0 
2.0 	2.0 
12.0 	8.0 
1.0 	1.0 
11785.0 	436.0 
1617.0 	151.0 
2.0 	2.0 
52.0 	27.0 
177.0 	39.0 
21.0 	8.0 
1.0 	1.0 
1.0 	1.0 
8.0 	7.0 
4.0 	2.0 
10.0 	5.0 
39.0 	14.0 
1.0 	1.0 
180.0 	36.0 
135.0 	37.0 
185.0 	43.0 
22.0 	7.0 
3.0 	3.0 
6.0 	4.0 
3.0 	3.0 
1.0 	1.0 
1.0 	1.0 
8.0 	4.0 
97.0 	25.0 
13.0 	8.0 
3.0 	3.0 
7.0 	6.0 
5.0 	4.0 
554.0 	131.0 
44.0 	19.0 
1.0 	1.0 
4.0 	4.0 
8.0 	4.0 
42112.0 	1502.0 
4.0 	4.0 
1.0 	1.0 
1.0 	1.0 
2.0 	2.0 
10.0 	5.0 
2.0 	2.0 
6.0 	5.0 
3.0 	3.0 
1.0 	1.0 
10.0 	7.0 
8.0 	4.0 
1.0 	1.0 
7.0 	4.0 
70.0 	21.0 
190.0 	48.0 
1265.0 	226.0 
3.0 	3.0 
3375.0 	251.0 
18.0 	6.0 
5.0 	4.0 
2.0 	2.0 
13.0 	5.0 
79253.0 	2014.0 
1.0 	1.0 
2.0 	2.0 
1.0 	1.0 
1.0 	1.0 
1.0 	1.0 
2368.0 	151.0 
2.0 	2.0 
2.0 	2.0 
3.0 	3.0 
8343.0 	281.0 
175.0 	38.0 
3.0 	3.0 
1.0 	1.0 
2.0 	2.0 
5.0 	3.0 
1.0 	1.0 
48194.0 	1281.0 
3.0 	3.0 
3.0 	3.0 
16077.0 	698.0 
42.0 	19.0 
1105.0 	122.0 
9.0 	6.0 
139.0 	32.0 
21.0 	13.0 
1702.0 	156.0 
64.0 	25.0 
2.0 	2.0 
2.0 	2.0 
3.0 	3.0 
18.0 	10.0 
50.0 	15.0 
1.0 	1.0 
9.0 	5.0 
14.0 	9.0 
2.0 	2.0 
1.0 	1.0 
39.0 	16.0 
1.0 	1.0 
12.0 	6.0 
21728.0 	952.0 
2.0 	2.0 
2.0 	2.0 
54.0 	16.0 
28.0 	10.0 
16.0 	10.0 
16.0 	9.0 
10.0 	6.0 
6.0 	5.0 
10.0 	7.0 
691.0 	96.0 
3.0 	2.0 
591.0 	66.0 
2847.0 	216.0 
1.0 	1.0 
1.0 	1.0 
4.0 	4.0 
1163.0 	129.0 
2.0 	2.0 
2.0 	2.0 
4924.0 	301.0 
6.0 	5.0 
5.0 	5.0 
1.0 	1.0 
4.0 	4.0 
1.0 	1.0 
190346.0 	5325.0 
1.0 	1.0 
1.0 	1.0 
1.0 	1.0 
1182.0 	181.0 
2.0 	2.0 
1.0 	1.0 
542.0 	79.0 
14.0 	8.0 
5081.0 	290.0 
1.0 	1.0 
2.0 	2.0 
1.0 	1.0 
12.0 	8.0 
20.0 	9.0 
11.0 	9.0 
29.0 	15.0 
2.0 	2.0 
131.0 	26.0 
1.0 	1.0 
142.0 	33.0 
2.0 	2.0 
7.0 	7.0 
1.0 	1.0 
1.0 	1.0 
17.0 	10.0 
129.0 	34.0 
16.0 	8.0 
115.0 	21.0 
1.0 	1.0 
1.0 	1.0 
22.0 	10.0 
3.0 	3.0 
38.0 	13.0 
24.0 	14.0 
22.0 	10.0 
30.0 	11.0 
9297.0 	419.0 
5.0 	3.0 
96.0 	23.0 
3.0 	3.0 
726.0 	97.0 
485647.0 	6594.0 
2.0 	2.0 
151.0 	24.0 
44.0 	18.0 
55.0 	23.0 
3.0 	2.0 
11031.0 	708.0 
3.0 	3.0 
36.0 	13.0 
4.0 	3.0 
93.0 	27.0 
1.0 	1.0 
9.0 	5.0 
1.0 	1.0 
829.0 	97.0 
3.0 	3.0 
1.0 	1.0 
3823.0 	391.0 
1.0 	1.0 
1.0 	1.0 
31.0 	15.0 
96.0 	27.0 
230132.0 	7582.0 
1198.0 	276.0 
4.0 	3.0 
473.0 	61.0 
12.0 	7.0 
14.0 	7.0 
9.0 	6.0 
165.0 	55.0 
5.0 	5.0 
14.0 	7.0 
3.0 	2.0 
1.0 	1.0 
1.0 	1.0 
14.0 	11.0 
1.0 	1.0 
9.0 	7.0 
18.0 	11.0 
1.0 	1.0 
906.0 	107.0 
3.0 	3.0 
4.0 	3.0 
1.0 	1.0 
19.0 	9.0 
2.0 	2.0 
2.0 	2.0 
1.0 	1.0 
1247.0 	82.0 
6.0 	4.0 
1.0 	1.0 
5.0 	3.0 
1.0 	1.0 
1.0 	1.0 
1.0 	1.0 
50.0 	14.0 
102.0 	36.0 
4853.0 	315.0 
10.0 	4.0 
8.0 	4.0 
10.0 	8.0 
147.0 	47.0 
9.0 	5.0 
1.0 	1.0 
20.0 	9.0 
121.0 	31.0 
4.0 	4.0 
19.0 	8.0 
15.0 	9.0 
1.0 	1.0 
1.0 	1.0 
2.0 	2.0 
100519.0 	3008.0 
27.0 	13.0 
6.0 	4.0 
1.0 	1.0 
100.0 	25.0 
1.0 	1.0 
97.0 	30.0 
1.0 	1.0 
1557.0 	144.0 
3.0 	2.0 
40345.0 	1566.0 
1.0 	1.0 
2.0 	2.0 
3.0 	3.0 
79527.0 	2834.0 
2.0 	2.0 
1.0 	1.0 
2.0 	2.0 
838.0 	103.0 
43.0 	14.0 
69.0 	20.0 
5.0 	5.0 
5.0 	3.0 
8.0 	5.0 
1.0 	1.0 
184.0 	46.0 
2.0 	2.0 
5.0 	4.0 
82.0 	24.0 
1.0 	1.0 
1.0 	1.0 
14.0 	8.0 
1.0 	1.0 
13.0 	6.0 
18.0 	8.0 
1826.0 	220.0 
5.0 	3.0 
941.0 	87.0 
30.0 	14.0 
4282.0 	306.0 
1.0 	1.0 
82.0 	21.0 
1.0 	1.0 
389.0 	72.0 
42741.0 	1699.0 
332.0 	69.0 
200.0 	45.0 
1.0 	1.0 
3.0 	2.0 
1.0 	1.0 
4.0 	4.0 
4.0 	4.0 
1.0 	1.0 
1.0 	1.0 
1.0 	1.0 
1.0 	1.0 
2.0 	2.0 
538.0 	118.0 
32.0 	12.0 
1.0 	1.0 
81.0 	24.0 
1.0 	1.0 
2.0 	2.0 
10.0 	6.0 
1.0 	1.0 
1.0 	1.0 
1.0 	1.0 
3.0 	2.0 
61.0 	22.0 
55755.0 	1911.0 
1.0 	1.0 
1.0 	1.0 
18.0 	11.0 
1.0 	1.0 
4.0 	3.0 
1.0 	1.0 
2.0 	2.0 
15.0 	10.0 
17.0 	8.0 
566.0 	97.0 
1.0 	1.0 
710.0 	110.0 
4.0 	4.0 
7.0 	6.0 
6.0 	4.0 
639.0 	70.0 
71.0 	21.0 
1.0 	1.0 
85.0 	26.0 
1.0 	1.0 
47076.0 	1445.0 
2.0 	2.0 
1.0 	1.0 
12.0 	5.0 
2.0 	2.0 
355.0 	51.0 
5.0 	5.0 
2.0 	2.0 
21.0 	8.0 
3.0 	3.0 
1.0 	1.0 
6.0 	3.0 
7.0 	4.0 
1.0 	1.0 
177.0 	44.0 
1.0 	1.0 
2643.0 	199.0 
11.0 	7.0 
12.0 	8.0 
1.0 	1.0 
1.0 	1.0 
78.0 	24.0 
1.0 	1.0 
3.0 	3.0 
15.0 	8.0 
15.0 	8.0 
10133.0 	627.0 
372.0 	92.0 
18.0 	7.0 
619.0 	106.0 
2.0 	2.0 
17.0 	9.0 
12.0 	6.0 
1.0 	1.0 
1.0 	1.0 
4295.0 	417.0 
371.0 	65.0 
2.0 	2.0 
1.0 	1.0 
1.0 	1.0 
5.0 	3.0 
389093.0 	10000.0 
1.0 	1.0 
15.0 	10.0 
2.0 	2.0 
4.0 	3.0 
5.0 	4.0 
89.0 	22.0 
1.0 	1.0 
5.0 	3.0 
463492.0 	10000.0 
77.0 	18.0 
3362.0 	192.0 
3.0 	3.0 
3.0 	2.0 
1.0 	1.0 
14.0 	10.0 
183.0 	39.0 
2.0 	2.0 
2.0 	2.0 
59.0 	14.0 
6.0 	6.0 
2.0 	2.0 
2.0 	2.0 
1.0 	1.0 
5.0 	3.0 
1353.0 	152.0 
20.0 	14.0 
1.0 	1.0 
9.0 	8.0 
15.0 	10.0 
11.0 	5.0 
425.0 	43.0 
3.0 	2.0 
32.0 	14.0 
36.0 	13.0 
7.0 	6.0 
523.0 	58.0 
11.0 	6.0 
13.0 	10.0 
113.0 	23.0 
4.0 	4.0 
5.0 	4.0 
1.0 	1.0 
70.0 	21.0 
673.0 	142.0 
68.0 	25.0 
2.0 	2.0 
3731.0 	425.0 
4.0 	4.0 
6.0 	5.0 
9.0 	9.0 
70.0 	15.0 
26.0 	13.0 
6.0 	6.0 
1.0 	1.0 
26.0 	10.0 
25.0 	11.0 
2.0 	2.0 
256.0 	55.0 
1.0 	1.0 
4.0 	3.0 
1.0 	1.0 
2.0 	2.0 
1.0 	1.0 
194.0 	43.0 
1.0 	1.0 
3.0 	3.0 
156.0 	37.0 
50.0 	21.0 
1.0 	1.0 
7.0 	5.0 
64.0 	24.0 
115.0 	27.0 
2.0 	2.0 
17570.0 	547.0 
2.0 	2.0 
597.0 	83.0 
10.0 	6.0 
11.0 	7.0 
11.0 	9.0 
18.0 	11.0 
1.0 	1.0 
55617.0 	1984.0 
6.0 	4.0 
1.0 	1.0 
4.0 	3.0 
37.0 	14.0 
1.0 	1.0 
1.0 	1.0 
214.0 	41.0 
1.0 	1.0 
101.0 	17.0 
1.0 	1.0 
7.0 	5.0 
120.0 	25.0 
2.0 	2.0 
1.0 	1.0 
4.0 	2.0 
96.0 	23.0 
1.0 	1.0 
9.0 	5.0 
1.0 	1.0 
42.0 	12.0 
1.0 	1.0 
2.0 	2.0 
47.0 	26.0 
8.0 	5.0 
23.0 	12.0 
3.0 	2.0 
23.0 	10.0 
1.0 	1.0 
21.0 	9.0 
43.0 	22.0 
1.0 	1.0 
1.0 	1.0 
461.0 	112.0 
587.0 	63.0 
64.0 	17.0 
3.0 	3.0 
1.0 	1.0 
1.0 	1.0 
16.0 	8.0 
1.0 	1.0 
4.0 	4.0 
1.0 	1.0 
34.0 	10.0 
2.0 	2.0 
4.0 	3.0 
1.0 	1.0 
1.0 	1.0 
1.0 	1.0 
1.0 	1.0 
3.0 	3.0 
17.0 	7.0 
20.0 	10.0 
1.0 	1.0 
7.0 	6.0 
8.0 	8.0 
2656.0 	195.0 
4.0 	4.0 
2.0 	2.0 
120.0 	32.0 
8.0 	4.0 
23.0 	13.0 
5.0 	4.0 
651.0 	88.0 
43.0 	14.0 
57.0 	19.0 
3142.0 	270.0 
2.0 	2.0 
1.0 	1.0 
4.0 	4.0 
202.0 	41.0 
23291.0 	1187.0 
37.0 	10.0 
9.0 	8.0 
1.0 	1.0 
21.0 	8.0 
1.0 	1.0 
163.0 	31.0 
1.0 	1.0 
2.0 	2.0 
1.0 	1.0 
416.0 	61.0 
822.0 	109.0 
11.0 	4.0 
2.0 	2.0 
1.0 	1.0 
1.0 	1.0 
1.0 	1.0 
13.0 	10.0 
25.0 	14.0 
1.0 	1.0 
488.0 	57.0 
7.0 	4.0 
2.0 	2.0 
1.0 	1.0 
336.0 	81.0 
1.0 	1.0 
16.0 	8.0 
1.0 	1.0 
4.0 	3.0 
1.0 	1.0 
1096.0 	98.0 
2.0 	2.0 
1291.0 	111.0 
4.0 	3.0 
2.0 	2.0 
16.0 	10.0 
1.0 	1.0 
13.0 	7.0 
3.0 	2.0 
5.0 	3.0 
165.0 	51.0 
2.0 	2.0 
11.0 	8.0 
3.0 	2.0 
3.0 	3.0 
4.0 	3.0 
120.0 	27.0 
2.0 	2.0 
7.0 	5.0 
25.0 	12.0 
1.0 	1.0 
3.0 	3.0 
2.0 	2.0 
2.0 	2.0 
109.0 	30.0 
1.0 	1.0 
2.0 	2.0 
1.0 	1.0 
114.0 	32.0 
2.0 	2.0 
57.0 	17.0 
2.0 	2.0 
11.0 	6.0 
5.0 	5.0 
16.0 	8.0 
3362.0 	308.0 
5.0 	3.0 
3.0 	3.0 
187.0 	31.0 
43.0 	15.0 
39843.0 	1505.0 
1.0 	1.0 
1.0 	1.0 
1.0 	1.0 
134.0 	37.0 
1.0 	1.0 
4.0 	3.0 
376.0 	54.0 
202.0 	28.0 
2865.0 	322.0 
1.0 	1.0 
1.0 	1.0 
1.0 	1.0 
844.0 	123.0 
3.0 	3.0 
622.0 	61.0 
11.0 	7.0 
1.0 	1.0 
24.0 	9.0 
64.0 	18.0 
168.0 	47.0 
9.0 	8.0 
2.0 	2.0 
7.0 	7.0 
153.0 	38.0 
939.0 	138.0 
154.0 	44.0 
3.0 	3.0 
155.0 	48.0 
2.0 	2.0 
1.0 	1.0 
3.0 	2.0 
9.0 	6.0 
1.0 	1.0 
1.0 	1.0 
3193.0 	254.0 
1.0 	1.0 
1.0 	1.0 
3.0 	3.0 
3.0 	2.0 
242.0 	45.0 
4.0 	2.0 
3.0 	2.0 
11497.0 	619.0 
2.0 	2.0 
1.0 	1.0 
1.0 	1.0 
115.0 	36.0 
19.0 	10.0 
1.0 	1.0 
2.0 	2.0 
1.0 	1.0 
1.0 	1.0 
204.0 	37.0 
1.0 	1.0 
896.0 	82.0 
2.0 	2.0 
66.0 	22.0 
1.0 	1.0 
1.0 	1.0 
1.0 	1.0 
2.0 	2.0 
1.0 	1.0 
145.0 	26.0 
1.0 	1.0 
6.0 	3.0 
1.0 	1.0 
297.0 	45.0 
4.0 	3.0 
1.0 	1.0 
10917.0 	458.0 
2.0 	2.0 
1.0 	1.0 
178.0 	49.0 
35.0 	10.0 
5.0 	2.0 
1.0 	1.0 
2.0 	2.0 
1.0 	1.0 
9.0 	7.0 
1.0 	1.0 
75.0 	28.0 
2.0 	2.0 
1.0 	1.0 
9.0 	5.0 
1.0 	1.0 
3.0 	2.0 
3.0 	3.0 
32.0 	11.0 
78.0 	28.0 
5.0 	5.0 
1.0 	1.0 
1.0 	1.0 
2.0 	2.0 
1.0 	1.0 
5.0 	4.0 
5.0 	4.0 
7.0 	6.0 
2.0 	2.0 
20.0 	9.0 
1.0 	1.0 
5.0 	4.0 
1.0 	1.0 
1.0 	1.0 
1.0 	1.0 
1.0 	1.0 
7.0 	6.0 
107.0 	26.0 
1.0 	1.0 
701.0 	85.0 
4.0 	3.0 
1.0 	1.0 
1.0 	1.0 
1.0 	1.0 
1.0 	1.0 
1.0 	1.0 
23.0 	10.0 
2.0 	2.0 
4.0 	3.0 
3.0 	3.0 
3.0 	2.0 
4.0 	3.0 
2.0 	2.0 
7.0 	5.0 
28.0 	13.0 
2.0 	2.0 
1.0 	1.0 
17.0 	9.0 
1.0 	1.0 
3282.0 	255.0 
22.0 	11.0 
1.0 	1.0 
10.0 	7.0 
2.0 	2.0 
2.0 	2.0 
21.0 	9.0 
1.0 	1.0 
1.0 	1.0 
1.0 	1.0 
6290.0 	328.0 
16.0 	6.0 
1.0 	1.0 
26.0 	8.0 
3.0 	2.0 
1.0 	1.0 
7.0 	5.0 
2.0 	2.0 
80.0 	28.0 
1.0 	1.0 
14.0 	7.0 
1084.0 	121.0 
12.0 	8.0 
5.0 	4.0 
1.0 	1.0 
1.0 	1.0 
154.0 	39.0 
1.0 	1.0 
3.0 	2.0 
1.0 	1.0 
2.0 	2.0 
1.0 	1.0 
5.0 	4.0 
15.0 	10.0 
2.0 	2.0 
293.0 	70.0 
1.0 	1.0 
1.0 	1.0 
24.0 	10.0 
1.0 	1.0 
855.0 	116.0 
1.0 	1.0 
2.0 	2.0 
1279.0 	212.0 
4.0 	4.0 
5509.0 	244.0 
1.0 	1.0 
99.0 	36.0 
21.0 	9.0 
1.0 	1.0 
2.0 	2.0 
1.0 	1.0 
8.0 	7.0 
44.0 	16.0 
106251.0 	3796.0 
3.0 	3.0 
19.0 	9.0 
1.0 	1.0 
10.0 	5.0 
1.0 	1.0 
1.0 	1.0 
4.0 	4.0 
1.0 	1.0 
10.0 	8.0 
8.0 	5.0 
1.0 	1.0 
2408.0 	195.0 
130780.0 	3229.0 
5.0 	5.0 
11.0 	9.0 
87.0 	23.0 
1.0 	1.0 
9267.0 	317.0 
1.0 	1.0 
1.0 	1.0 
574.0 	80.0 
1.0 	1.0 
3.0 	2.0 
2.0 	2.0 
3813.0 	277.0 
1.0 	1.0 
3.0 	2.0 
404.0 	61.0 
12.0 	6.0 
1.0 	1.0 
10.0 	5.0 
17.0 	8.0 
1.0 	1.0 
332.0 	77.0 
103996.0 	3896.0 
1.0 	1.0 
532.0 	75.0 
1408.0 	129.0 
1.0 	1.0 
4.0 	3.0 
2.0 	2.0 
638.0 	90.0 
1.0 	1.0 
1.0 	1.0 
6.0 	3.0 
43.0 	18.0 
48.0 	20.0 
2.0 	2.0 
53.0 	18.0 
2.0 	2.0 
1.0 	1.0 
2.0 	2.0 
21877.0 	880.0 
26854.0 	949.0 
1.0 	1.0 
67.0 	22.0 
17.0 	9.0 
508.0 	76.0 
1.0 	1.0 
1.0 	1.0 
108.0 	40.0 
22.0 	7.0 
1.0 	1.0 
2.0 	2.0 
2.0 	2.0 
11.0 	7.0 
12367.0 	478.0 
1.0 	1.0 
1.0 	1.0 
405.0 	64.0 
17.0 	10.0 
1.0 	1.0 
103.0 	31.0 
4.0 	3.0 
5.0 	5.0 
1.0 	1.0 
1.0 	1.0 
5.0 	4.0 
8.0 	6.0 
2.0 	2.0 
5.0 	3.0 
1.0 	1.0 
111.0 	26.0 
8.0 	7.0 
45.0 	13.0 
1.0 	1.0 
29.0 	14.0 
5.0 	4.0 
11.0 	8.0 
1.0 	1.0 
1.0 	1.0 
3.0 	3.0 
3.0 	2.0 
1.0 	1.0 
20.0 	8.0 
4.0 	3.0 
1.0 	1.0 
4.0 	4.0 
33.0 	14.0 
67465.0 	2285.0 
8.0 	5.0 
44.0 	14.0 
488.0 	79.0 
4.0 	4.0 
1.0 	1.0 
18.0 	7.0 
1.0 	1.0 
1.0 	1.0 
359.0 	63.0 
468862.0 	10000.0 
2.0 	2.0 
1397.0 	103.0 
1.0 	1.0 
8.0 	6.0 
6.0 	5.0 
18.0 	9.0 
13.0 	8.0 
4.0 	4.0 
5.0 	5.0 
1.0 	1.0 
2.0 	2.0 
13.0 	9.0 
4.0 	4.0 
9.0 	8.0 
1.0 	1.0 
33.0 	14.0 
1.0 	1.0 
1891.0 	116.0 
4.0 	4.0 
928.0 	77.0 
1.0 	1.0 
9.0 	9.0 
1.0 	1.0 
335.0 	51.0 
2.0 	2.0 
3.0 	3.0 
1.0 	1.0 
1.0 	1.0 
1.0 	1.0 
1.0 	1.0 
2.0 	2.0 
13.0 	7.0 
3.0 	2.0 
1352.0 	94.0 
874.0 	75.0 
1.0 	1.0 
4.0 	4.0 
1.0 	1.0 
1019.0 	238.0 
4.0 	4.0 
14.0 	6.0 
1.0 	1.0 
10.0 	6.0 
104.0 	26.0 
48.0 	21.0 
1.0 	1.0 
107.0 	34.0 
3.0 	3.0 
2.0 	2.0 
1.0 	1.0 
6189.0 	378.0 
2.0 	2.0 
8.0 	8.0 
30.0 	13.0 
29.0 	13.0 
1.0 	1.0 
1.0 	1.0 
8.0 	6.0 
121.0 	36.0 
49.0 	21.0 
2.0 	2.0 
10.0 	8.0 
1.0 	1.0 
11.0 	5.0 
1.0 	1.0 
2.0 	2.0 
1.0 	1.0 
1.0 	1.0 
1.0 	1.0 
4.0 	4.0 
2.0 	2.0 
1.0 	1.0 
3.0 	3.0 
1364.0 	114.0 
2.0 	2.0 
234.0 	44.0 
1.0 	1.0 
4.0 	3.0 
1.0 	1.0 
10.0 	5.0 
8.0 	7.0 
1.0 	1.0 
424775.0 	6296.0 
73.0 	22.0 
1.0 	1.0 
3.0 	2.0 
5.0 	4.0 
2.0 	2.0 
2.0 	2.0 
6.0 	3.0 
50.0 	25.0 
52.0 	20.0 
12.0 	6.0 
1.0 	1.0 
1.0 	1.0 
1.0 	1.0 
31.0 	14.0 
1.0 	1.0 
10.0 	8.0 
2.0 	2.0 
5.0 	3.0 
2.0 	2.0 
12.0 	7.0 
30.0 	12.0 
6.0 	6.0 
3.0 	2.0 
11.0 	6.0 
631.0 	97.0 
1.0 	1.0 
2.0 	2.0 
5.0 	4.0 
1.0 	1.0 
7440.0 	387.0 
345610.0 	5145.0 
3991.0 	234.0 
4.0 	4.0 
3.0 	3.0 
1.0 	1.0 
834.0 	108.0 
5.0 	4.0 
1.0 	1.0 
4.0 	4.0 
1.0 	1.0 
4.0 	3.0 
27.0 	14.0 
34.0 	17.0 
1.0 	1.0 
1.0 	1.0 
4.0 	4.0 
5810.0 	230.0 
2.0 	2.0 
1.0 	1.0 
2592.0 	240.0 
18.0 	12.0 
578.0 	81.0 
15.0 	10.0 
2.0 	2.0 
1.0 	1.0 
2.0 	2.0 
225449.0 	3771.0 
5.0 	3.0 
20.0 	12.0 
30.0 	11.0 
4.0 	3.0 
110.0 	33.0 
31.0 	11.0 
1.0 	1.0 
1.0 	1.0 
3.0 	3.0 
2.0 	2.0 
64.0 	25.0 
3.0 	3.0 
652.0 	118.0 
2721.0 	167.0 
1.0 	1.0 
8.0 	4.0 
17.0 	9.0 
1.0 	1.0 
6.0 	6.0 
4.0 	4.0 
9.0 	5.0 
2.0 	2.0 
1.0 	1.0 
1.0 	1.0 
2.0 	2.0 
1.0 	1.0 
4093.0 	437.0 
1.0 	1.0 
2.0 	2.0 
2.0 	2.0 
345.0 	64.0 
2.0 	2.0 
3.0 	2.0 
15.0 	9.0 
1.0 	1.0 
3.0 	3.0 
1.0 	1.0 
3.0 	2.0 
111.0 	39.0 
1.0 	1.0 
23.0 	12.0 
56.0 	13.0 
16.0 	9.0 
121405.0 	3681.0 
4844.0 	420.0 
291.0 	60.0 
1.0 	1.0 
1.0 	1.0 
46.0 	21.0 
4.0 	4.0 
11.0 	8.0 
101.0 	38.0 
83.0 	35.0 
1.0 	1.0 
4.0 	4.0 
169.0 	50.0 
179543.0 	2710.0 
4.0 	2.0 
1.0 	1.0 
181.0 	48.0 
213.0 	33.0 
2.0 	2.0 
3.0 	2.0 
1.0 	1.0 
3.0 	3.0 
1.0 	1.0 
3.0 	3.0 
26.0 	12.0 
142.0 	41.0 
64.0 	20.0 
99.0 	20.0 
261.0 	50.0 
2457.0 	250.0 
214.0 	37.0 
17.0 	8.0 
1.0 	1.0 
2.0 	2.0 
14.0 	7.0 
1.0 	1.0 
1552.0 	108.0 
4.0 	3.0 
18.0 	11.0 
4.0 	3.0 
1.0 	1.0 
2.0 	2.0 
51.0 	18.0 
12042.0 	420.0 
42.0 	16.0 
2.0 	2.0 
9.0 	6.0 
4723.0 	283.0 
11397.0 	833.0 
432.0 	44.0 
1.0 	1.0 
27.0 	10.0 
374.0 	75.0 
6.0 	6.0 
2.0 	2.0 
1.0 	1.0 
3.0 	2.0 
239.0 	59.0 
107339.0 	2950.0 
388.0 	97.0 
17.0 	9.0 
1.0 	1.0 
17846.0 	692.0 
3.0 	2.0 
396.0 	87.0 
2.0 	2.0 
1.0 	1.0 
295.0 	53.0 
23.0 	11.0 
105947.0 	3331.0 
1.0 	1.0 
4.0 	3.0 
15.0 	7.0 
6.0 	4.0 
5.0 	3.0 
15.0 	8.0 
1003.0 	126.0 
5.0 	4.0 
47.0 	11.0 
225096.0 	7819.0 
36.0 	18.0 
368.0 	54.0 
567.0 	117.0 
1.0 	1.0 
1.0 	1.0 
3.0 	3.0 
122.0 	38.0 
4.0 	4.0 
1.0 	1.0 
4.0 	4.0 
599.0 	105.0 
2.0 	2.0 
2.0 	2.0 
333.0 	56.0 
7.0 	7.0 
68442.0 	2511.0 
3.0 	2.0 
2.0 	2.0 
6.0 	6.0 
1.0 	1.0 
127.0 	30.0 
6.0 	5.0 
24.0 	8.0 
1468.0 	145.0 
49.0 	14.0 
4.0 	3.0 
2430.0 	288.0 
14.0 	7.0 
123.0 	27.0 
1.0 	1.0 
108.0 	33.0 
32.0 	11.0 
3.0 	3.0 
3.0 	3.0 
5.0 	4.0 
1.0 	1.0 
459.0 	62.0 
100.0 	29.0 
10.0 	9.0 
84993.0 	3090.0 
1.0 	1.0 
6.0 	5.0 
1040.0 	74.0 
1.0 	1.0 
1.0 	1.0 
1.0 	1.0 
6.0 	5.0 
645.0 	69.0 
204206.0 	6155.0 
3.0 	3.0 
69.0 	16.0 
2.0 	2.0 
1831.0 	168.0 
2.0 	2.0 
28.0 	13.0 
1.0 	1.0 
2.0 	2.0 
3.0 	2.0 
109.0 	35.0 
2.0 	2.0 
864.0 	87.0 
49.0 	20.0 
3336.0 	263.0 
1.0 	1.0 
47.0 	16.0 
1.0 	1.0 
1.0 	1.0 
60.0 	20.0 
177.0 	35.0 
1.0 	1.0 
1141.0 	152.0 
1.0 	1.0 
125.0 	51.0 
86.0 	32.0 
6.0 	5.0 
47.0 	17.0 
189.0 	47.0 
671.0 	78.0 
6321.0 	229.0 
1.0 	1.0 
702.0 	70.0 
18.0 	5.0 
1.0 	1.0 
2.0 	2.0 
7.0 	4.0 
8.0 	6.0 
1.0 	1.0 
1.0 	1.0 
2.0 	2.0 
15.0 	8.0 
1.0 	1.0 
16.0 	9.0 
1.0 	1.0 
1.0 	1.0 
3.0 	3.0 
6.0 	5.0 
43205.0 	1237.0 
14.0 	9.0 
6.0 	3.0 
219.0 	52.0 
5093.0 	276.0 
1.0 	1.0 
2.0 	2.0 
1.0 	1.0 
1.0 	1.0 
1.0 	1.0 
5.0 	4.0 
1.0 	1.0 
4.0 	3.0 
1.0 	1.0 
40.0 	10.0 
1.0 	1.0 
2.0 	2.0 
5.0 	4.0 
666.0 	97.0 
2.0 	2.0 
167.0 	38.0 
2.0 	2.0 
108.0 	24.0 
80.0 	29.0 
35.0 	13.0 
1.0 	1.0 
1.0 	1.0 
1.0 	1.0 
1066.0 	104.0 
10.0 	6.0 
6.0 	4.0 
8.0 	6.0 
21.0 	12.0 
14.0 	6.0 
1.0 	1.0 
11.0 	7.0 
3695.0 	295.0 
612.0 	124.0 
2.0 	2.0 
9.0 	4.0 
2.0 	2.0 
1.0 	1.0 
11.0 	7.0 
1.0 	1.0 
4.0 	3.0 
9.0 	6.0 
748.0 	76.0 
25.0 	13.0 
2.0 	2.0 
1.0 	1.0 
1.0 	1.0 
50.0 	21.0 
38.0 	15.0 
1.0 	1.0 
2968.0 	207.0 
183.0 	39.0 
5.0 	3.0 
680.0 	93.0 
5.0 	4.0 
1.0 	1.0 
77.0 	30.0 
3.0 	3.0 
1.0 	1.0 
4.0 	3.0 
11.0 	8.0 
2.0 	2.0 
2.0 	2.0 
2.0 	2.0 
1.0 	1.0 
1.0 	1.0 
1.0 	1.0 
16.0 	6.0 
7.0 	4.0 
44.0 	18.0 
1.0 	1.0 
412.0 	45.0 
8.0 	4.0 
36.0 	24.0 
1.0 	1.0 
54.0 	15.0 
18.0 	9.0 
1.0 	1.0 
1.0 	1.0 
4251.0 	272.0 
1.0 	1.0 
367.0 	57.0 
30.0 	10.0 
4.0 	3.0 
1584.0 	159.0 
12.0 	7.0 
2.0 	2.0 
19.0 	9.0 
7.0 	4.0 
90.0 	21.0 
10.0 	5.0 
1.0 	1.0 
10.0 	6.0 
14.0 	9.0 
1873.0 	109.0 
12.0 	7.0 
1.0 	1.0 
1.0 	1.0 
178.0 	34.0 
2.0 	2.0 
1458.0 	147.0 
2.0 	2.0 
2.0 	2.0 
5.0 	5.0 
6.0 	5.0 
1.0 	1.0 
49.0 	12.0 
7.0 	4.0 
31.0 	13.0 
110.0 	18.0 
11.0 	4.0 
1.0 	1.0 
11.0 	7.0 
1.0 	1.0 
9.0 	6.0 
3084.0 	173.0 
1083.0 	101.0 
1.0 	1.0 
221.0 	42.0 
12.0 	6.0 
11.0 	7.0 
78.0 	24.0 
5.0 	5.0 
37.0 	15.0 
176312.0 	2784.0 
34303.0 	1245.0 
25.0 	15.0 
1.0 	1.0 
2.0 	2.0 
144.0 	33.0 
260.0 	36.0 
1.0 	1.0 
5.0 	4.0 
1.0 	1.0 
19.0 	8.0 
201.0 	45.0 
1809.0 	218.0 
4.0 	4.0 
1.0 	1.0 
2768.0 	331.0 
7.0 	5.0 
38.0 	15.0 
1925.0 	122.0 
1.0 	1.0 
166.0 	37.0 
14356.0 	864.0 
19.0 	8.0 
317.0 	52.0 
57.0 	28.0 
600.0 	95.0 
1.0 	1.0 
3.0 	2.0 
43.0 	14.0 
1.0 	1.0 
139.0 	32.0 
1.0 	1.0 
1.0 	1.0 
2.0 	2.0 
3.0 	2.0 
19.0 	11.0 
15.0 	7.0 
1.0 	1.0 
30.0 	12.0 
1.0 	1.0 
1.0 	1.0 
2.0 	2.0 
79.0 	25.0 
1.0 	1.0 
66.0 	23.0 
4.0 	4.0 
93.0 	19.0 
1.0 	1.0 
41.0 	13.0 
170739.0 	4551.0 
35.0 	9.0 
18.0 	7.0 
2.0 	2.0 
3.0 	3.0 
2.0 	2.0 
37.0 	13.0 
1612.0 	169.0 
198086.0 	3015.0 
4.0 	4.0 
13.0 	6.0 
99.0 	32.0 
1.0 	1.0 
2.0 	2.0 
1.0 	1.0 
22.0 	13.0 
1.0 	1.0 
2.0 	2.0 
1.0 	1.0 
111.0 	38.0 
1.0 	1.0 
1.0 	1.0 
5.0 	4.0 
1.0 	1.0 
1.0 	1.0 
28.0 	14.0 
78.0 	21.0 
1.0 	1.0 
6845.0 	365.0 
1.0 	1.0 
1.0 	1.0 
77.0 	20.0 
285.0 	56.0 
10.0 	6.0 
5258.0 	367.0 
3164.0 	252.0 
2.0 	2.0 
6.0 	3.0 
1.0 	1.0 
4.0 	3.0 
4.0 	3.0 
12.0 	6.0 
210.0 	47.0 
1.0 	1.0 
17.0 	9.0 
5.0 	5.0 
42.0 	14.0 
1.0 	1.0 
16471.0 	660.0 
1.0 	1.0 
39.0 	12.0 
1.0 	1.0 
1.0 	1.0 
7.0 	5.0 
1.0 	1.0 
43776.0 	1441.0 
22.0 	7.0 
143.0 	35.0 
46.0 	14.0 
7.0 	6.0 
58.0 	20.0 
301.0 	57.0 
5.0 	3.0 
1.0 	1.0 
163940.0 	2898.0 
1.0 	1.0 
122.0 	27.0 
1330.0 	111.0 
3.0 	2.0 
1.0 	1.0 
37498.0 	1027.0 
28.0 	13.0 
16.0 	9.0 
842.0 	160.0 
32.0 	11.0 
11.0 	6.0 
6.0 	4.0 
3.0 	2.0 
250.0 	39.0 
125.0 	36.0 
4.0 	3.0 
298.0 	49.0 
347.0 	67.0 
362.0 	54.0 
1.0 	1.0 
7.0 	5.0 
2.0 	2.0 
9.0 	5.0 
33.0 	12.0 
44.0 	12.0 
6.0 	4.0 
1.0 	1.0 
942.0 	79.0 
10.0 	7.0 
22.0 	15.0 
7.0 	4.0 
1.0 	1.0 
3.0 	3.0 
27.0 	12.0 
1.0 	1.0 
12.0 	8.0 
18.0 	7.0 
11.0 	6.0 
50188.0 	1232.0 
2.0 	2.0 
1.0 	1.0 
4.0 	3.0 
577.0 	96.0 
252.0 	40.0 
198.0 	38.0 
1.0 	1.0 
10.0 	4.0 
1.0 	1.0 
347.0 	92.0 
1.0 	1.0 
552.0 	98.0 
22.0 	11.0 
1.0 	1.0 
14.0 	7.0 
1.0 	1.0 
1.0 	1.0 
2.0 	2.0 
52.0 	17.0 
75.0 	24.0 
1.0 	1.0 
5.0 	3.0 
139257.0 	2692.0 
6.0 	5.0 
640.0 	142.0 
4.0 	3.0 
1.0 	1.0 
59085.0 	2143.0 
19.0 	9.0 
1278.0 	78.0 
35.0 	13.0 
2.0 	2.0 
1.0 	1.0 
2.0 	2.0 
235.0 	48.0 
4.0 	4.0 
2.0 	2.0 
8.0 	4.0 
9.0 	4.0 
10.0 	5.0 
36.0 	16.0 
1183.0 	118.0 
93146.0 	2022.0 
2.0 	2.0 
63.0 	21.0 
18.0 	7.0 
1.0 	1.0 
2.0 	2.0 
54.0 	18.0 
2.0 	2.0 
4376.0 	324.0 
3396.0 	268.0 
1.0 	1.0 
4.0 	4.0 
1.0 	1.0 
54584.0 	1977.0 
169.0 	27.0 
1.0 	1.0 
1.0 	1.0 
2.0 	2.0 
41.0 	19.0 
1193.0 	159.0 
1.0 	1.0 
2.0 	2.0 
14097.0 	584.0 
2.0 	2.0 
28.0 	14.0 
4.0 	3.0 
1.0 	1.0 
203.0 	46.0 
1548.0 	148.0 
1.0 	1.0 
91.0 	25.0 
11.0 	9.0 
3.0 	3.0 
2.0 	2.0 
1.0 	1.0 
1.0 	1.0 
1.0 	1.0 
1.0 	1.0 
5.0 	4.0 
1.0 	1.0 
839.0 	113.0 
8.0 	4.0 
7.0 	6.0 
520.0 	67.0 
5.0 	3.0 
46.0 	20.0 
5.0 	4.0 
2.0 	2.0 
6.0 	5.0 
1.0 	1.0 
14.0 	9.0 
4.0 	4.0 
2.0 	2.0 
3.0 	2.0 
1.0 	1.0 
41.0 	12.0 
2.0 	2.0 
1.0 	1.0 
10.0 	7.0 
18.0 	5.0 
1.0 	1.0 
1.0 	1.0 
15.0 	8.0 
4667.0 	334.0 
5.0 	5.0 
1.0 	1.0 
2.0 	2.0 
1799.0 	204.0 
2.0 	2.0 
1.0 	1.0 
12.0 	8.0 
3542.0 	232.0 
1.0 	1.0 
104.0 	30.0 
3.0 	3.0 
29.0 	14.0 
13.0 	4.0 
833.0 	119.0 
19403.0 	752.0 
1.0 	1.0 
3.0 	3.0 
227.0 	66.0 
78.0 	23.0 
9.0 	7.0 
86.0 	20.0 
22.0 	7.0 
24.0 	15.0 
33.0 	10.0 
2.0 	2.0 
2.0 	2.0 
47823.0 	1780.0 
2.0 	2.0 
77.0 	35.0 
1.0 	1.0 
3.0 	3.0 
92.0 	22.0 
1080.0 	116.0 
2082.0 	157.0 
2.0 	2.0 
15.0 	9.0 
2.0 	2.0 
20.0 	7.0 
2.0 	2.0 
4.0 	3.0 
3.0 	3.0 
6.0 	5.0 
40.0 	19.0 
6.0 	5.0 
1.0 	1.0 
3524.0 	362.0 
5.0 	4.0 
6.0 	4.0 
3679.0 	254.0 
10.0 	6.0 
16.0 	9.0 
2.0 	2.0 
1.0 	1.0 
187.0 	50.0 
307.0 	67.0 
50.0 	13.0 
1122.0 	95.0 
1.0 	1.0 
17474.0 	1078.0 
442.0 	65.0 
1.0 	1.0 
16374.0 	810.0 
185.0 	31.0 
2.0 	2.0 
52.0 	15.0 
1.0 	1.0 
7.0 	4.0 
10.0 	7.0 
6.0 	3.0 
7.0 	5.0 
197.0 	57.0 
1.0 	1.0 
11.0 	6.0 
5.0 	4.0 
1104.0 	135.0 
2.0 	2.0 
1.0 	1.0 
95.0 	39.0 
1.0 	1.0 
1.0 	1.0 
1.0 	1.0 
10668.0 	406.0 
6.0 	3.0 
12.0 	6.0 
1.0 	1.0 
2.0 	2.0 
11.0 	8.0 
1.0 	1.0 
39.0 	18.0 
4.0 	3.0 
2.0 	2.0 
1.0 	1.0 
2626.0 	141.0 
3.0 	3.0 
4.0 	4.0 
1.0 	1.0 
11355.0 	515.0 
762.0 	80.0 
1.0 	1.0 
5.0 	4.0 
1.0 	1.0 
9.0 	6.0 
2.0 	2.0 
4.0 	3.0 
8438.0 	599.0 
4.0 	4.0 
2.0 	2.0 
1.0 	1.0 
3.0 	3.0 
12.0 	9.0 
1.0 	1.0 
496.0 	81.0 
3.0 	2.0 
1.0 	1.0 
1.0 	1.0 
526.0 	65.0 
1.0 	1.0 
62.0 	14.0 
6.0 	4.0 
1.0 	1.0 
2.0 	2.0 
770.0 	88.0 
1.0 	1.0 
30.0 	12.0 
24.0 	10.0 
6.0 	6.0 
1.0 	1.0 
6556.0 	438.0 
1.0 	1.0 
1.0 	1.0 
83.0 	34.0 
10.0 	9.0 
481999.0 	6364.0 
7.0 	4.0 
11.0 	6.0 
135.0 	27.0 
1.0 	1.0 
101.0 	27.0 
158.0 	38.0 
18.0 	10.0 
6.0 	4.0 
30.0 	13.0 
1.0 	1.0 
1.0 	1.0 
1.0 	1.0 
119.0 	29.0 
1.0 	1.0 
125.0 	29.0 
697.0 	99.0 
1.0 	1.0 
31.0 	17.0 
2.0 	2.0 
1.0 	1.0 
60.0 	12.0 
1.0 	1.0 
1.0 	1.0 
1.0 	1.0 
3.0 	3.0 
4.0 	2.0 
4.0 	3.0 
1.0 	1.0 
2.0 	2.0 
47.0 	17.0 
2.0 	2.0 
1.0 	1.0 
122.0 	27.0 
184.0 	39.0 
52.0 	13.0 
9.0 	4.0 
5.0 	3.0 
81.0 	28.0 
373.0 	66.0 
43.0 	13.0 
503.0 	77.0 
9121.0 	501.0 
1.0 	1.0 
1.0 	1.0 
1.0 	1.0 
3.0 	3.0 
17.0 	8.0 
56.0 	14.0 
24.0 	13.0 
2.0 	2.0 
3.0 	2.0 
1.0 	1.0 
10.0 	5.0 
1.0 	1.0 
1.0 	1.0 
23.0 	9.0 
7.0 	6.0 
5.0 	3.0 
1.0 	1.0 
1.0 	1.0 
173.0 	42.0 
16.0 	10.0 
418.0 	75.0 
2.0 	2.0 
1.0 	1.0 
33.0 	12.0 
37996.0 	1230.0 
5.0 	5.0 
1.0 	1.0 
3.0 	3.0 
22864.0 	840.0 
2.0 	2.0 
1.0 	1.0 
4.0 	4.0 
7.0 	6.0 
230.0 	39.0 
1.0 	1.0 
10.0 	7.0 
1.0 	1.0 
3.0 	3.0 
706.0 	111.0 
259.0 	43.0 
2.0 	2.0 
5.0 	3.0 
4.0 	4.0 
1.0 	1.0 
18.0 	9.0 
1.0 	1.0 
7.0 	5.0 
26.0 	12.0 
120.0 	44.0 
1089.0 	83.0 
1.0 	1.0 
1.0 	1.0 
1.0 	1.0 
1.0 	1.0 
7.0 	5.0 
1.0 	1.0 
1.0 	1.0 
1.0 	1.0 
18.0 	12.0 
3.0 	3.0 
4093.0 	235.0 
10.0 	7.0 
1.0 	1.0 
126.0 	38.0 
1047.0 	102.0 
2.0 	2.0 
8114.0 	478.0 
16.0 	11.0 
158.0 	22.0 
926.0 	74.0 
12.0 	7.0 
20.0 	9.0 
571.0 	63.0 
2.0 	2.0 
4.0 	3.0 
3.0 	3.0 
4.0 	3.0 
3.0 	3.0 
2.0 	2.0 
13220.0 	919.0 
1.0 	1.0 
3.0 	2.0 
1.0 	1.0 
205.0 	44.0 
1.0 	1.0 
3.0 	3.0 
1.0 	1.0 
13.0 	10.0 
65.0 	21.0 
1.0 	1.0 
218.0 	43.0 
5.0 	3.0 
2.0 	2.0 
1.0 	1.0 
7.0 	5.0 
6.0 	5.0 
10.0 	6.0 
3.0 	3.0 
167.0 	39.0 
1.0 	1.0 
1.0 	1.0 
3.0 	3.0 
1.0 	1.0 
7.0 	3.0 
16.0 	10.0 
143.0 	43.0 
1.0 	1.0 
2.0 	2.0 
59.0 	16.0 
18.0 	9.0 
1.0 	1.0 
23.0 	11.0 
4.0 	3.0 
1.0 	1.0 
1045.0 	112.0 
1.0 	1.0 
1.0 	1.0 
46.0 	26.0 
2.0 	2.0 
1.0 	1.0 
1.0 	1.0 
4.0 	4.0 
5.0 	5.0 
4.0 	3.0 
17.0 	7.0 
3.0 	3.0 
1.0 	1.0 
316.0 	62.0 
1.0 	1.0 
9.0 	6.0 
12.0 	8.0 
9.0 	6.0 
4.0 	3.0 
48.0 	26.0 
13.0 	5.0 
1.0 	1.0 
426.0 	89.0 
4.0 	4.0 
265.0 	40.0 
1.0 	1.0 
1979.0 	172.0 
6.0 	4.0 
3.0 	2.0 
15.0 	8.0 
7.0 	5.0 
5.0 	4.0 
20.0 	8.0 
1.0 	1.0 
1.0 	1.0 
1.0 	1.0 
531.0 	78.0 
6.0 	4.0 
1.0 	1.0 
76.0 	30.0 
11.0 	5.0 
2.0 	2.0 
1.0 	1.0 
1.0 	1.0 
1.0 	1.0 
2.0 	2.0 
20.0 	14.0 
2.0 	2.0 
1.0 	1.0 
40.0 	13.0 
481663.0 	7185.0 
1.0 	1.0 
1.0 	1.0 
8.0 	8.0 
660.0 	107.0 
1.0 	1.0 
3.0 	2.0 
1.0 	1.0 
24.0 	7.0 
5.0 	3.0 
6.0 	5.0 
403.0 	64.0 
2.0 	2.0 
10.0 	6.0 
331.0 	47.0 
1.0 	1.0 
69.0 	21.0 
6.0 	5.0 
1.0 	1.0 
1.0 	1.0 
3.0 	3.0 
1.0 	1.0 
337.0 	52.0 
41418.0 	1268.0 
4.0 	3.0 
1.0 	1.0 
10.0 	7.0 
13.0 	7.0 
28.0 	12.0 
1061.0 	113.0 
496.0 	45.0 
2.0 	2.0 
310.0 	46.0 
3.0 	2.0 
5.0 	5.0 
428.0 	73.0 
11976.0 	779.0 
18.0 	7.0 
1.0 	1.0 
18.0 	10.0 
1.0 	1.0 
7.0 	7.0 
1.0 	1.0 
1866.0 	163.0 
199.0 	48.0 
1.0 	1.0 
4.0 	3.0 
18.0 	10.0 
8.0 	5.0 
187.0 	49.0 
1.0 	1.0 
34.0 	12.0 
81.0 	26.0 
109.0 	30.0 
12.0 	7.0 
9.0 	7.0 
8.0 	7.0 
1.0 	1.0 
8.0 	5.0 
9.0 	6.0 
1.0 	1.0 
1.0 	1.0 
4.0 	4.0 
1.0 	1.0 
1.0 	1.0 
1.0 	1.0 
2669.0 	200.0 
3.0 	3.0 
18.0 	9.0 
2.0 	2.0 
1.0 	1.0 
10.0 	6.0 
16.0 	8.0 
324.0 	61.0 
2.0 	2.0 
539.0 	86.0 
220.0 	43.0 
1.0 	1.0 
82.0 	17.0 
10.0 	7.0 
11.0 	6.0 
6.0 	3.0 
1.0 	1.0 
57.0 	18.0 
1.0 	1.0 
3.0 	3.0 
250.0 	50.0 
3.0 	3.0 
1.0 	1.0 
15.0 	7.0 
1.0 	1.0 
344.0 	54.0 
212.0 	58.0 
1.0 	1.0 
1.0 	1.0 
6.0 	6.0 
14.0 	8.0 
6.0 	4.0 
2.0 	2.0 
5.0 	4.0 
10.0 	7.0 
1.0 	1.0 
2.0 	2.0 
9251.0 	295.0 
13.0 	5.0 
4.0 	4.0 
10.0 	7.0 
96.0 	30.0 
6.0 	4.0 
11.0 	8.0 
5.0 	4.0 
43.0 	15.0 
1.0 	1.0 
1.0 	1.0 
2.0 	2.0 
1.0 	1.0 
6.0 	4.0 
1.0 	1.0 
4.0 	3.0 
1.0 	1.0 
1.0 	1.0 
1.0 	1.0 
1.0 	1.0 
776877.0 	10000.0 
1.0 	1.0 
2.0 	2.0 
1.0 	1.0 
38.0 	12.0 
4.0 	3.0 
54791.0 	1950.0 
55.0 	25.0 
1.0 	1.0 
1.0 	1.0 
1.0 	1.0 
290.0 	48.0 
3.0 	3.0 
10.0 	7.0 
2.0 	2.0 
1.0 	1.0 
8.0 	6.0 
173.0 	57.0 
1.0 	1.0 
1.0 	1.0 
80.0 	25.0 
2021.0 	188.0 
4.0 	3.0 
4233.0 	215.0 
5.0 	3.0 
1.0 	1.0 
4604.0 	304.0 
1.0 	1.0 
3646.0 	204.0 
11.0 	5.0 
3107.0 	267.0 
2.0 	2.0 
10.0 	6.0 
3.0 	3.0 
3.0 	3.0 
1.0 	1.0 
68.0 	26.0 
5.0 	4.0 
723.0 	78.0 
2.0 	2.0 
24.0 	18.0 
7.0 	4.0 
32.0 	13.0 
182.0 	51.0 
21.0 	16.0 
168.0 	46.0 
200.0 	54.0 
100.0 	28.0 
4.0 	4.0 
12.0 	5.0 
23.0 	11.0 
1.0 	1.0 
15.0 	9.0 
94.0 	20.0 
2.0 	2.0 
2.0 	2.0 
1.0 	1.0 
1.0 	1.0 
1.0 	1.0 
28.0 	12.0 
3.0 	2.0 
1.0 	1.0 
1.0 	1.0 
2.0 	2.0 
1.0 	1.0 
12.0 	6.0 
11.0 	9.0 
1.0 	1.0 
1.0 	1.0 
363.0 	61.0 
3.0 	2.0 
18.0 	9.0 
7.0 	4.0 
1.0 	1.0 
3.0 	3.0 
606.0 	94.0 
2.0 	2.0 
10.0 	8.0 
1.0 	1.0 
12.0 	5.0 
717.0 	110.0 
845.0 	97.0 
2.0 	2.0 
2.0 	2.0 
3.0 	2.0 
1.0 	1.0 
1.0 	1.0 
757.0 	113.0 
105.0 	31.0 
2.0 	2.0 
262.0 	49.0 
69.0 	24.0 
1.0 	1.0 
916.0 	90.0 
189.0 	47.0 
3.0 	2.0 
23.0 	15.0 
711.0 	108.0 
323.0 	57.0 
14.0 	10.0 
3.0 	3.0 
44.0 	20.0 
12.0 	8.0 
4.0 	4.0 
5.0 	4.0 
515.0 	73.0 
74.0 	26.0 
1.0 	1.0 
3.0 	2.0 
1885.0 	189.0 
29.0 	11.0 
9.0 	4.0 
11.0 	7.0 
5.0 	4.0 
5.0 	5.0 
7.0 	5.0 
14.0 	8.0 
3.0 	3.0 
1.0 	1.0 
364.0 	71.0 
3.0 	3.0 
1.0 	1.0 
2.0 	2.0 
1.0 	1.0 
29.0 	11.0 
2868.0 	229.0 
5601.0 	189.0 
111.0 	32.0 
369.0 	48.0 
1.0 	1.0 
54.0 	15.0 
3.0 	3.0 
17.0 	8.0 
149.0 	45.0 
3.0 	3.0 
6.0 	4.0 
280.0 	61.0 
2.0 	2.0 
1.0 	1.0 
13.0 	8.0 
1.0 	1.0 
3.0 	3.0 
3.0 	2.0 
22.0 	9.0 
1.0 	1.0 
3.0 	3.0 
35.0 	14.0 
423.0 	49.0 
22.0 	10.0 
174.0 	46.0 
1.0 	1.0 
2.0 	2.0 
8.0 	4.0 
176970.0 	6062.0 
3.0 	3.0 
2.0 	2.0 
1.0 	1.0 
40.0 	13.0 
6.0 	3.0 
5.0 	4.0 
2.0 	2.0 
107.0 	33.0 
27863.0 	855.0 
2255.0 	104.0 
54.0 	16.0 
2.0 	2.0 
11.0 	6.0 
1.0 	1.0 
166.0 	50.0 
29.0 	11.0 
1.0 	1.0 
1.0 	1.0 
17.0 	6.0 
3.0 	3.0 
195.0 	39.0 
50.0 	14.0 
39.0 	23.0 
2.0 	2.0 
1.0 	1.0 
10350.0 	634.0 
7.0 	4.0 
36035.0 	1115.0 
1.0 	1.0 
2.0 	2.0 
1.0 	1.0 
1.0 	1.0 
3.0 	2.0 
115225.0 	3219.0 
3.0 	2.0 
2.0 	2.0 
1.0 	1.0 
3.0 	3.0 
10.0 	7.0 
5.0 	4.0 
5.0 	3.0 
1.0 	1.0 
788.0 	163.0 
7.0 	5.0 
1.0 	1.0 
51.0 	21.0 
24.0 	13.0 
17.0 	9.0 
13.0 	9.0 
1364.0 	122.0 
19.0 	11.0 
29.0 	10.0 
3.0 	2.0 
11.0 	6.0 
46.0 	16.0 
305.0 	39.0 
4.0 	3.0 
86.0 	20.0 
3.0 	2.0 
526.0 	50.0 
10.0 	6.0 
13727.0 	556.0 
44.0 	19.0 
1.0 	1.0 
3.0 	3.0 
4.0 	3.0 
3.0 	2.0 
10.0 	8.0 
1.0 	1.0 
2643.0 	288.0 
2.0 	2.0 
1.0 	1.0 
793.0 	102.0 
259.0 	65.0 
67.0 	26.0 
1.0 	1.0 
1.0 	1.0 
1.0 	1.0 
1.0 	1.0 
1.0 	1.0 
17.0 	11.0 
571.0 	69.0 
1.0 	1.0 
9.0 	6.0 
180.0 	41.0 
1.0 	1.0 
1.0 	1.0 
80.0 	20.0 
10.0 	6.0 
34.0 	18.0 
17.0 	6.0 
1.0 	1.0 
241.0 	31.0 
4.0 	3.0 
7.0 	4.0 
462.0 	87.0 
2.0 	2.0 
95.0 	30.0 
4.0 	3.0 
54.0 	20.0 
5.0 	4.0 
5.0 	5.0 
368033.0 	5867.0 
39.0 	12.0 
29.0 	10.0 
3.0 	3.0 
1.0 	1.0 
3.0 	3.0 
17.0 	8.0 
7.0 	5.0 
78.0 	26.0 
11.0 	7.0 
4.0 	4.0 
85.0 	30.0 
5.0 	3.0 
31.0 	12.0 
15.0 	8.0 
212.0 	33.0 
1.0 	1.0 
5.0 	3.0 
6.0 	5.0 
1.0 	1.0 
1.0 	1.0 
3.0 	3.0 
1.0 	1.0 
9.0 	5.0 
1.0 	1.0 
5.0 	3.0 
233.0 	38.0 
2.0 	2.0 
3.0 	3.0 
5.0 	4.0 
2.0 	2.0 
941.0 	102.0 
4.0 	3.0 
1.0 	1.0 
1.0 	1.0 
1.0 	1.0 
2.0 	2.0 
41.0 	18.0 
1.0 	1.0 
42.0 	12.0 
2.0 	2.0 
32.0 	15.0 
1.0 	1.0 
6356.0 	386.0 
13.0 	7.0 
181935.0 	6115.0 
3.0 	2.0 
15.0 	7.0 
14633.0 	524.0 
30.0 	21.0 
29.0 	11.0 
53777.0 	2084.0 
4.0 	3.0 
1.0 	1.0 
8.0 	5.0 
22.0 	12.0 
1.0 	1.0 
1.0 	1.0 
6.0 	4.0 
21.0 	10.0 
1.0 	1.0 
2.0 	2.0 
17.0 	7.0 
3.0 	3.0 
1.0 	1.0 
14.0 	9.0 
3.0 	3.0 
339574.0 	6099.0 
1.0 	1.0 
3.0 	3.0 
8.0 	4.0 
27.0 	9.0 
2.0 	2.0 
1.0 	1.0 
1.0 	1.0 
1.0 	1.0 
7.0 	4.0 
3.0 	3.0 
153.0 	36.0 
1.0 	1.0 
1.0 	1.0 
3.0 	3.0 
8.0 	8.0 
41.0 	20.0 
1.0 	1.0 
1.0 	1.0 
1.0 	1.0 
1.0 	1.0 
1.0 	1.0 
2.0 	2.0 
214.0 	37.0 
1.0 	1.0 
1.0 	1.0 
1.0 	1.0 
39.0 	15.0 
114.0 	21.0 
85.0 	34.0 
10.0 	8.0 
1.0 	1.0 
2.0 	2.0 
2.0 	2.0 
4.0 	4.0 
3.0 	3.0 
3.0 	3.0 
10321.0 	441.0 
2.0 	2.0 
16.0 	6.0 
17.0 	7.0 
1.0 	1.0 
1.0 	1.0 
1.0 	1.0 
10.0 	5.0 
25.0 	8.0 
1.0 	1.0 
3.0 	3.0 
1.0 	1.0 
2860.0 	217.0 
1159.0 	92.0 
104.0 	26.0 
208.0 	42.0 
13.0 	6.0 
3.0 	3.0 
2.0 	2.0 
118.0 	27.0 
2.0 	2.0 
33.0 	12.0 
1.0 	1.0 
1.0 	1.0 
1.0 	1.0 
2.0 	2.0 
12866.0 	434.0 
2.0 	2.0 
43124.0 	1378.0 
92.0 	23.0 
3.0 	3.0 
93.0 	22.0 
24.0 	10.0 
346.0 	81.0 
1.0 	1.0 
4.0 	3.0 
2.0 	2.0 
1.0 	1.0 
1.0 	1.0 
2.0 	2.0 
1.0 	1.0 
2.0 	2.0 
1.0 	1.0 
1.0 	1.0 
84.0 	28.0 
6.0 	3.0 
50.0 	20.0 
1.0 	1.0 
11.0 	6.0 
2.0 	2.0 
5.0 	3.0 
6.0 	5.0 
1.0 	1.0 
1.0 	1.0 
1.0 	1.0 
6.0 	5.0 
1.0 	1.0 
1.0 	1.0 
2.0 	2.0 
6.0 	5.0 
9.0 	6.0 
23775.0 	1036.0 
8.0 	5.0 
3.0 	2.0 
137.0 	46.0 
1.0 	1.0 
4.0 	3.0 
82.0 	18.0 
54.0 	24.0 
8.0 	4.0 
1.0 	1.0 
2.0 	2.0 
580.0 	117.0 
189.0 	55.0 
4.0 	3.0 
191.0 	50.0 
8.0 	5.0 
6.0 	3.0 
2.0 	2.0 
1.0 	1.0 
59.0 	26.0 
1.0 	1.0 
40.0 	11.0 
1.0 	1.0 
8.0 	5.0 
5.0 	4.0 
72.0 	16.0 
252.0 	51.0 
22051.0 	751.0 
3.0 	3.0 
5.0 	5.0 
48.0 	21.0 
38.0 	16.0 
1.0 	1.0 
68.0 	15.0 
1.0 	1.0 
1.0 	1.0 
25.0 	14.0 
1.0 	1.0 
2.0 	2.0 
1.0 	1.0 
1.0 	1.0 
1894.0 	157.0 
147694.0 	4863.0 
365.0 	53.0 
3.0 	2.0 
267.0 	42.0 
15.0 	8.0 
5.0 	4.0 
10.0 	8.0 
2.0 	2.0 
1.0 	1.0 
38.0 	11.0 
1.0 	1.0 
70.0 	23.0 
2.0 	2.0 
228.0 	39.0 
25.0 	13.0 
1.0 	1.0 
24137.0 	821.0 
9.0 	7.0 
1.0 	1.0 
1.0 	1.0 
1.0 	1.0 
1.0 	1.0 
11.0 	6.0 
1.0 	1.0 
38.0 	13.0 
1.0 	1.0 
4.0 	3.0 
8316.0 	816.0 
4.0 	4.0 
2.0 	2.0 
5.0 	4.0 
1.0 	1.0 
6.0 	5.0 
51.0 	21.0 
5.0 	5.0 
59325.0 	1621.0 
12.0 	7.0 
6.0 	3.0 
11.0 	5.0 
88.0 	27.0 
2.0 	2.0 
1.0 	1.0 
10208.0 	443.0 
3.0 	3.0 
1.0 	1.0 
4.0 	3.0 
82.0 	21.0 
221.0 	64.0 
55.0 	16.0 
1.0 	1.0 
13.0 	6.0 
1.0 	1.0 
1.0 	1.0 
4341.0 	300.0 
5.0 	5.0 
2.0 	2.0 
5.0 	4.0 
3.0 	2.0 
710.0 	74.0 
33.0 	15.0 
1.0 	1.0 
189.0 	45.0 
4.0 	4.0 
170.0 	52.0 
2.0 	2.0 
19.0 	9.0 
2.0 	2.0 
7.0 	4.0 
1.0 	1.0 
19.0 	11.0 
924.0 	79.0 
218.0 	60.0 
3.0 	3.0 
2193.0 	157.0 
12.0 	7.0 
9.0 	6.0 
5.0 	4.0 
2.0 	2.0 
1.0 	1.0 
2.0 	2.0 
76.0 	14.0 
73.0 	16.0 
2.0 	2.0 
15.0 	9.0 
1.0 	1.0 
1.0 	1.0 
2.0 	2.0 
2.0 	2.0 
3.0 	3.0 
1.0 	1.0 
9.0 	6.0 
3.0 	3.0 
4.0 	3.0 
1.0 	1.0 
366.0 	83.0 
3.0 	2.0 
1.0 	1.0 
2.0 	2.0 
10.0 	9.0 
1933.0 	147.0 
89.0 	32.0 
2.0 	2.0 
1.0 	1.0 
7.0 	4.0 
9145.0 	561.0 
2.0 	2.0 
271.0 	59.0 
7.0 	5.0 
48.0 	18.0 
1.0 	1.0 
581.0 	72.0 
1.0 	1.0 
3.0 	3.0 
5.0 	3.0 
2.0 	2.0 
7.0 	6.0 
152.0 	23.0 
1.0 	1.0 
93.0 	25.0 
4.0 	3.0 
3.0 	3.0 
1.0 	1.0 
1.0 	1.0 
561.0 	92.0 
87.0 	19.0 
3.0 	3.0 
18.0 	11.0 
84.0 	19.0 
3.0 	3.0 
6314.0 	309.0 
16.0 	11.0 
7.0 	6.0 
52.0 	15.0 
79.0 	22.0 
22.0 	13.0 
1.0 	1.0 
2.0 	2.0 
1.0 	1.0 
158.0 	35.0 
1.0 	1.0 
1.0 	1.0 
3145.0 	297.0 
5.0 	4.0 
1.0 	1.0 
1479.0 	130.0 
7.0 	5.0 
12.0 	7.0 
1.0 	1.0 
75.0 	29.0 
155.0 	29.0 
1.0 	1.0 
10.0 	5.0 
130.0 	29.0 
1.0 	1.0 
1.0 	1.0 
1.0 	1.0 
1.0 	1.0 
2.0 	2.0 
7.0 	5.0 
2.0 	2.0 
1.0 	1.0 
33.0 	15.0 
2.0 	2.0 
1.0 	1.0 
1.0 	1.0 
1.0 	1.0 
2.0 	2.0 
3.0 	3.0 
27.0 	11.0 
1.0 	1.0 
1.0 	1.0 
1.0 	1.0 
3.0 	3.0 
7907.0 	584.0 
55.0 	21.0 
12.0 	8.0 
35.0 	15.0 
2.0 	2.0 
3.0 	3.0 
1.0 	1.0 
2.0 	2.0 
2.0 	2.0 
3.0 	3.0 
1.0 	1.0 
1.0 	1.0 
1.0 	1.0 
1.0 	1.0 
120.0 	36.0 
131.0 	35.0 
1164.0 	113.0 
24.0 	9.0 
6246.0 	283.0 
1.0 	1.0 
74.0 	20.0 
1.0 	1.0 
2.0 	2.0 
1.0 	1.0 
1.0 	1.0 
595.0 	124.0 
7643.0 	502.0 
1.0 	1.0 
21.0 	9.0 
4.0 	3.0 
2.0 	2.0 
4.0 	4.0 
1.0 	1.0 
978.0 	96.0 
4.0 	3.0 
193.0 	32.0 
2.0 	2.0 
19.0 	14.0 
709.0 	84.0 
46.0 	19.0 
6.0 	5.0 
1.0 	1.0 
1140.0 	117.0 
4031.0 	397.0 
393.0 	83.0 
7.0 	5.0 
1.0 	1.0 
4.0 	4.0 
230.0 	52.0 
9368.0 	380.0 
2.0 	2.0 
344.0 	65.0 
225.0 	54.0 
32.0 	17.0 
2.0 	2.0 
205.0 	54.0 
450.0 	61.0 
29.0 	11.0 
1.0 	1.0 
5.0 	3.0 
1.0 	1.0 
1.0 	1.0 
1.0 	1.0 
60.0 	25.0 
1.0 	1.0 
10.0 	6.0 
13.0 	7.0 
1.0 	1.0 
2.0 	2.0 
56.0 	23.0 
1.0 	1.0 
3825.0 	263.0 
1.0 	1.0 
141.0 	36.0 
152.0 	40.0 
13.0 	10.0 
100.0 	24.0 
1.0 	1.0 
2.0 	2.0 
1.0 	1.0 
1.0 	1.0 
37.0 	12.0 
120.0 	39.0 
9267.0 	652.0 
4.0 	3.0 
2.0 	2.0 
7.0 	4.0 
3963.0 	186.0 
6.0 	3.0 
4.0 	2.0 
2.0 	2.0 
135.0 	33.0 
1.0 	1.0 
1629.0 	144.0 
66.0 	19.0 
123.0 	40.0 
7383.0 	421.0 
1.0 	1.0 
4.0 	4.0 
1.0 	1.0 
15.0 	11.0 
56.0 	21.0 
1.0 	1.0 
340.0 	86.0 
7761.0 	423.0 
9438.0 	330.0 
1.0 	1.0 
1.0 	1.0 
7.0 	6.0 
8.0 	6.0 
37132.0 	1318.0 
1.0 	1.0 
1.0 	1.0 
387.0 	98.0 
126.0 	39.0 
4642.0 	276.0 
3.0 	2.0 
39.0 	16.0 
22.0 	12.0 
1008.0 	101.0 
1.0 	1.0 
3.0 	3.0 
1.0 	1.0 
2.0 	2.0 
21.0 	10.0 
1.0 	1.0 
1.0 	1.0 
1.0 	1.0 
1414.0 	235.0 
1262.0 	89.0 
4.0 	3.0 
532.0 	54.0 
1.0 	1.0 
87.0 	26.0 
1.0 	1.0 
102.0 	24.0 
10.0 	5.0 
1.0 	1.0 
776.0 	77.0 
2.0 	2.0 
9.0 	7.0 
1.0 	1.0 
1.0 	1.0 
1.0 	1.0 
11108.0 	574.0 
11.0 	9.0 
76.0 	35.0 
78.0 	25.0 
1.0 	1.0 
1.0 	1.0 
3.0 	3.0 
105.0 	31.0 
93.0 	29.0 
1.0 	1.0 
5448.0 	353.0 
6.0 	4.0 
4.0 	3.0 
6359.0 	406.0 
412.0 	82.0 
32.0 	14.0 
77.0 	27.0 
2.0 	2.0 
1.0 	1.0 
4.0 	2.0 
5.0 	4.0 
1.0 	1.0 
1.0 	1.0 
1.0 	1.0 
2.0 	2.0 
2.0 	2.0 
31.0 	12.0 
1.0 	1.0 
1.0 	1.0 
1.0 	1.0 
1.0 	1.0 
3.0 	3.0 
1.0 	1.0 
1.0 	1.0 
1.0 	1.0 
2.0 	2.0 
1.0 	1.0 
52.0 	23.0 
18.0 	8.0 
728.0 	119.0 
6.0 	4.0 
1.0 	1.0 
1.0 	1.0 
2.0 	2.0 
1.0 	1.0 
20.0 	12.0 
277.0 	47.0 
25.0 	9.0 
1.0 	1.0 
5.0 	4.0 
3.0 	2.0 
97.0 	45.0 
5992.0 	384.0 
2.0 	2.0 
14.0 	11.0 
1.0 	1.0 
71.0 	29.0 
3.0 	2.0 
57276.0 	1240.0 
14.0 	5.0 
1656.0 	118.0 
11739.0 	419.0 
2.0 	2.0 
1.0 	1.0 
1912.0 	108.0 
23.0 	11.0 
122.0 	25.0 
11760.0 	850.0 
5.0 	3.0 
11.0 	6.0 
754.0 	74.0 
12.0 	6.0 
2.0 	2.0 
1.0 	1.0 
1.0 	1.0 
5.0 	4.0 
1.0 	1.0 
10.0 	7.0 
14.0 	8.0 
5278.0 	248.0 
2.0 	2.0 
2.0 	2.0 
2.0 	2.0 
97.0 	32.0 
1.0 	1.0 
3.0 	3.0 
3240.0 	191.0 
12.0 	5.0 
201.0 	46.0 
11.0 	9.0 
109.0 	41.0 
1.0 	1.0 
3.0 	2.0 
5.0 	3.0 
64.0 	27.0 
2278.0 	258.0 
510.0 	63.0 
224.0 	49.0 
4.0 	3.0 
2.0 	2.0 
144.0 	31.0 
3.0 	2.0 
36.0 	12.0 
236.0 	35.0 
1.0 	1.0 
5.0 	4.0 
1.0 	1.0 
7.0 	7.0 
28.0 	15.0 
1.0 	1.0 
354.0 	73.0 
1.0 	1.0 
2.0 	2.0 
3.0 	3.0 
2352.0 	146.0 
1.0 	1.0 
1.0 	1.0 
299.0 	56.0 
39624.0 	1498.0 
114.0 	21.0 
2.0 	2.0 
3.0 	3.0 
6.0 	4.0 
17298.0 	762.0 
2.0 	2.0 
4.0 	2.0 
2.0 	2.0 
1.0 	1.0 
1.0 	1.0 
1.0 	1.0 
2.0 	2.0 
35.0 	17.0 
919.0 	97.0 
1.0 	1.0 
406.0 	65.0 
4.0 	3.0 
4.0 	4.0 
153.0 	25.0 
1.0 	1.0 
1.0 	1.0 
1.0 	1.0 
1.0 	1.0 
3.0 	2.0 
642.0 	71.0 
1.0 	1.0 
1.0 	1.0 
283512.0 	4300.0 
5.0 	3.0 
12.0 	6.0 
23.0 	10.0 
1.0 	1.0 
10.0 	6.0 
9.0 	4.0 
18.0 	12.0 
1.0 	1.0 
1.0 	1.0 
37.0 	18.0 
824.0 	139.0 
3.0 	2.0 
14023.0 	583.0 
7.0 	5.0 
11576.0 	931.0 
756.0 	143.0 
3.0 	3.0 
1.0 	1.0 
1.0 	1.0 
1.0 	1.0 
3.0 	3.0 
1.0 	1.0 
15.0 	10.0 
2.0 	2.0 
2.0 	2.0 
5.0 	3.0 
17.0 	9.0 
132.0 	49.0 
2.0 	2.0 
123.0 	31.0 
1.0 	1.0 
1.0 	1.0 
1.0 	1.0 
8.0 	8.0 
6.0 	4.0 
21.0 	8.0 
103.0 	20.0 
6.0 	6.0 
4.0 	4.0 
4.0 	3.0 
2.0 	2.0 
1.0 	1.0 
2.0 	2.0 
11.0 	9.0 
1.0 	1.0 
2.0 	2.0 
1.0 	1.0 
14565.0 	503.0 
11.0 	6.0 
1978.0 	111.0 
2.0 	2.0 
1.0 	1.0 
1.0 	1.0 
815.0 	139.0 
3.0 	2.0 
2.0 	2.0 
21.0 	11.0 
681.0 	73.0 
281.0 	50.0 
7554.0 	581.0 
480.0 	87.0 
979.0 	138.0 
3.0 	3.0 
353.0 	96.0 
1.0 	1.0 
3.0 	3.0 
1900.0 	158.0 
24.0 	13.0 
5.0 	4.0 
3.0 	3.0 
53.0 	14.0 
1.0 	1.0 
6.0 	3.0 
237.0 	45.0 
3.0 	2.0 
85.0 	25.0 
15.0 	6.0 
3.0 	3.0 
9.0 	4.0 
2.0 	2.0 
1.0 	1.0 
129.0 	38.0 
437.0 	71.0 
2.0 	2.0 
1588.0 	113.0 
2.0 	2.0 
274.0 	38.0 
70.0 	24.0 
106.0 	30.0 
8.0 	6.0 
1.0 	1.0 
41.0 	14.0 
9.0 	6.0 
1.0 	1.0 
75.0 	25.0 
1.0 	1.0 
1.0 	1.0 
34.0 	13.0 
2.0 	2.0 
1.0 	1.0 
1.0 	1.0 
1.0 	1.0 
440.0 	60.0 
1.0 	1.0 
175.0 	43.0 
105.0 	31.0 
19.0 	9.0 
1.0 	1.0 
4.0 	4.0 
69.0 	16.0 
10867.0 	494.0 
1.0 	1.0 
2.0 	2.0 
4.0 	3.0 
3.0 	2.0 
42.0 	15.0 
1.0 	1.0 
1.0 	1.0 
3.0 	3.0 
6.0 	4.0 
352.0 	68.0 
10.0 	5.0 
1.0 	1.0 
162.0 	37.0 
3.0 	3.0 
1464.0 	113.0 
16.0 	9.0 
7.0 	5.0 
2.0 	2.0 
1.0 	1.0 
3087.0 	225.0 
5.0 	5.0 
55.0 	21.0 
6.0 	5.0 
18.0 	12.0 
2.0 	2.0 
5.0 	4.0 
1.0 	1.0 
13.0 	7.0 
25.0 	10.0 
86.0 	22.0 
21659.0 	758.0 
28060.0 	1162.0 
1.0 	1.0 
103.0 	26.0 
1.0 	1.0 
37.0 	17.0 
146.0 	56.0 
1.0 	1.0 
1724.0 	118.0 
1.0 	1.0 
2.0 	2.0 
2458.0 	146.0 
66.0 	17.0 
1.0 	1.0 
9.0 	6.0 
1.0 	1.0 
5547.0 	339.0 
1.0 	1.0 
1.0 	1.0 
15.0 	13.0 
2.0 	2.0 
1.0 	1.0 
10.0 	6.0 
495.0 	79.0 
2.0 	2.0 
2.0 	2.0 
252.0 	49.0 
2.0 	2.0 
1.0 	1.0 
76.0 	21.0 
1664.0 	217.0 
2.0 	2.0 
3.0 	3.0 
1.0 	1.0 
1.0 	1.0 
2.0 	2.0 
6.0 	4.0 
3.0 	3.0 
105.0 	30.0 
15.0 	10.0 
1.0 	1.0 
4.0 	4.0 
7.0 	4.0 
1220.0 	112.0 
13.0 	8.0 
33.0 	14.0 
33.0 	17.0 
5.0 	4.0 
59.0 	21.0 
62.0 	17.0 
3.0 	3.0 
8.0 	6.0 
1.0 	1.0 
9.0 	5.0 
35.0 	13.0 
1.0 	1.0 
3.0 	3.0 
3640.0 	247.0 
7.0 	4.0 
2.0 	2.0 
1.0 	1.0 
1.0 	1.0 
6.0 	5.0 
2.0 	2.0 
441.0 	69.0 
3354.0 	244.0 
5556.0 	414.0 
51.0 	19.0 
5.0 	4.0 
2.0 	2.0 
4.0 	4.0 
5.0 	4.0 
12.0 	9.0 
1.0 	1.0 
260.0 	43.0 
2.0 	2.0 
6.0 	4.0 
436.0 	57.0 
1.0 	1.0 
30.0 	12.0 
2.0 	2.0 
3.0 	2.0 
23.0 	12.0 
2.0 	2.0 
26744.0 	905.0 
11.0 	8.0 
10.0 	8.0 
33.0 	13.0 
144.0 	33.0 
403971.0 	7664.0 
1.0 	1.0 
36559.0 	1402.0 
14.0 	10.0 
3.0 	3.0 
1.0 	1.0 
2.0 	2.0 
194.0 	62.0 
1.0 	1.0 
2.0 	2.0 
3.0 	2.0 
1.0 	1.0 
1.0 	1.0 
3.0 	3.0 
17.0 	10.0 
3.0 	3.0 
1.0 	1.0 
15.0 	6.0 
1.0 	1.0 
2.0 	2.0 
2.0 	2.0 
7.0 	5.0 
73.0 	19.0 
2.0 	2.0 
1990.0 	171.0 
2.0 	2.0 
2.0 	2.0 
241.0 	66.0 
1.0 	1.0 
8407.0 	483.0 
846.0 	86.0 
3.0 	3.0 
5.0 	4.0 
4.0 	2.0 
1.0 	1.0 
1.0 	1.0 
16.0 	6.0 
7.0 	5.0 
1307.0 	141.0 
263.0 	51.0 
3.0 	3.0 
1905.0 	182.0 
133.0 	31.0 
2.0 	2.0 
210.0 	37.0 
1.0 	1.0 
2195.0 	151.0 
4.0 	4.0 
8.0 	7.0 
1.0 	1.0 
3.0 	2.0 
13.0 	8.0 
1.0 	1.0 
1.0 	1.0 
2.0 	2.0 
43.0 	21.0 
12279.0 	743.0 
1724.0 	137.0 
1.0 	1.0 
47.0 	18.0 
1.0 	1.0 
4.0 	3.0 
30.0 	20.0 
3.0 	3.0 
7.0 	5.0 
2.0 	2.0 
1320.0 	136.0 
5.0 	3.0 
319.0 	57.0 
122.0 	40.0 
126.0 	39.0 
45.0 	17.0 
17.0 	10.0 
153.0 	35.0 
2.0 	2.0 
9.0 	5.0 
1.0 	1.0 
3.0 	3.0 
42427.0 	1355.0 
4.0 	3.0 
343.0 	47.0 
1.0 	1.0 
12.0 	6.0 
193.0 	33.0 
4.0 	3.0 
2.0 	2.0 
1.0 	1.0 
304.0 	74.0 
8.0 	5.0 
489.0 	93.0 
64.0 	11.0 
8.0 	5.0 
29965.0 	1071.0 
1125.0 	128.0 
1.0 	1.0 
554.0 	88.0 
2.0 	2.0 
1.0 	1.0 
29180.0 	1341.0 
61077.0 	1999.0 
7.0 	5.0 
2.0 	2.0 
1.0 	1.0 
2.0 	2.0 
16.0 	8.0 
2.0 	2.0 
13611.0 	701.0 
3.0 	2.0 
1.0 	1.0 
1.0 	1.0 
4.0 	3.0 
1.0 	1.0 
98.0 	22.0 
18.0 	7.0 
1.0 	1.0 
1.0 	1.0 
375.0 	57.0 
16.0 	10.0 
1.0 	1.0 
726.0 	75.0 
1.0 	1.0 
2.0 	2.0 
6.0 	5.0 
1.0 	1.0 
13156.0 	612.0 
4.0 	3.0 
2.0 	2.0 
1.0 	1.0 
1.0 	1.0 
3.0 	2.0 
2.0 	2.0 
411.0 	102.0 
7048.0 	369.0 
4.0 	2.0 
1.0 	1.0 
139.0 	28.0 
11.0 	7.0 
1.0 	1.0 
121.0 	18.0 
4.0 	2.0 
4.0 	3.0 
2.0 	2.0 
211.0 	48.0 
24320.0 	971.0 
171.0 	33.0 
1.0 	1.0 
111.0 	27.0 
2.0 	2.0 
393.0 	82.0 
140.0 	32.0 
1.0 	1.0 
1.0 	1.0 
10.0 	5.0 
501.0 	61.0 
5.0 	4.0 
38.0 	9.0 
24.0 	17.0 
19.0 	8.0 
6439.0 	452.0 
193.0 	38.0 
3.0 	2.0 
9287.0 	393.0 
32.0 	15.0 
1.0 	1.0 
1.0 	1.0 
7.0 	5.0 
13.0 	9.0 
321.0 	61.0 
120.0 	42.0 
1.0 	1.0 
4.0 	4.0 
304.0 	49.0 
1.0 	1.0 
1.0 	1.0 
1.0 	1.0 
77.0 	23.0 
1.0 	1.0 
1.0 	1.0 
1.0 	1.0 
1.0 	1.0 
414.0 	81.0 
2.0 	2.0 
69.0 	29.0 
1.0 	1.0 
42.0 	14.0 
2.0 	2.0 
25.0 	15.0 
118.0 	26.0 
112.0 	32.0 
1.0 	1.0 
2.0 	2.0 
29.0 	16.0 
1.0 	1.0 
1.0 	1.0 
88.0 	22.0 
31.0 	14.0 
3.0 	3.0 
7.0 	5.0 
20.0 	10.0 
67.0 	19.0 
149.0 	27.0 
4.0 	3.0 
13.0 	8.0 
5.0 	5.0 
15.0 	9.0 
1.0 	1.0 
3.0 	3.0 
322.0 	32.0 
1.0 	1.0 
2.0 	2.0 
20548.0 	699.0 
39.0 	17.0 
20929.0 	1101.0 
2.0 	2.0 
94.0 	20.0 
17.0 	12.0 
4.0 	3.0 
2.0 	2.0 
4.0 	3.0 
9.0 	5.0 
2100.0 	172.0 
214.0 	54.0 
18.0 	10.0 
5736.0 	403.0 
1.0 	1.0 
4.0 	3.0 
7.0 	7.0 
17092.0 	743.0 
1.0 	1.0 
8.0 	5.0 
5.0 	5.0 
2.0 	2.0 
1.0 	1.0 
164636.0 	5619.0 
333.0 	92.0 
4.0 	4.0 
5.0 	4.0 
1136.0 	118.0 
4.0 	3.0 
23837.0 	1058.0 
73.0 	29.0 
2.0 	2.0 
1.0 	1.0 
17298.0 	825.0 
1.0 	1.0 
2.0 	2.0 
8.0 	6.0 
17.0 	8.0 
118.0 	23.0 
2227.0 	188.0 
35032.0 	1067.0 
1.0 	1.0 
9120.0 	577.0 
1.0 	1.0 
3.0 	3.0 
1.0 	1.0 
1.0 	1.0 
810.0 	56.0 
4.0 	3.0 
1.0 	1.0 
3.0 	3.0 
2.0 	2.0 
6357.0 	407.0 
1.0 	1.0 
4.0 	3.0 
2.0 	2.0 
26.0 	11.0 
1.0 	1.0 
14.0 	6.0 
395.0 	63.0 
2.0 	2.0 
192.0 	45.0 
4.0 	4.0 
13.0 	8.0 
1.0 	1.0 
66.0 	25.0 
1.0 	1.0 
6.0 	4.0 
125.0 	34.0 
1.0 	1.0 
20.0 	8.0 
2.0 	2.0 
6846.0 	326.0 
119806.0 	3585.0 
2.0 	2.0 
3688.0 	200.0 
1.0 	1.0 
11.0 	5.0 
28.0 	14.0 
1.0 	1.0 
126.0 	57.0 
1.0 	1.0 
1.0 	1.0 
1.0 	1.0 
1.0 	1.0 
1.0 	1.0 
522899.0 	7172.0 
3.0 	3.0 
79.0 	17.0 
1.0 	1.0 
52.0 	28.0 
1.0 	1.0 
310.0 	47.0 
1.0 	1.0 
1.0 	1.0 
568.0 	84.0 
946.0 	160.0 
1.0 	1.0 
3.0 	2.0 
597.0 	69.0 
6.0 	5.0 
1.0 	1.0 
2.0 	2.0 
100.0 	19.0 
4.0 	4.0 
3.0 	2.0 
2.0 	2.0 
6.0 	4.0 
1790.0 	174.0 
231.0 	47.0 
1.0 	1.0 
45.0 	20.0 
1.0 	1.0 
2.0 	2.0 
1.0 	1.0 
9442.0 	389.0 
80.0 	20.0 
69.0 	24.0 
1.0 	1.0 
3.0 	2.0 
1257.0 	126.0 
3.0 	3.0 
2.0 	2.0 
19.0 	12.0 
2999.0 	178.0 
19049.0 	1132.0 
334.0 	66.0 
4.0 	4.0 
6813.0 	498.0 
1.0 	1.0 
6.0 	4.0 
3.0 	2.0 
3.0 	3.0 
13.0 	6.0 
1.0 	1.0 
6.0 	4.0 
1.0 	1.0 
84.0 	29.0 
3.0 	3.0 
6.0 	5.0 
3.0 	3.0 
5.0 	3.0 
1.0 	1.0 
142.0 	30.0 
36.0 	15.0 
2.0 	2.0 
1.0 	1.0 
1.0 	1.0 
1.0 	1.0 
1068.0 	71.0 
1689.0 	176.0 
7.0 	6.0 
1.0 	1.0 
1.0 	1.0 
489.0 	62.0 
3.0 	3.0 
1.0 	1.0 
2.0 	2.0 
5.0 	4.0 
3.0 	3.0 
1.0 	1.0 
6.0 	4.0 
1376.0 	117.0 
261941.0 	4089.0 
19.0 	6.0 
1.0 	1.0 
1.0 	1.0 
2.0 	2.0 
3.0 	3.0 
2583.0 	203.0 
2.0 	2.0 
211840.0 	3684.0 
4.0 	4.0 
2.0 	2.0 
21.0 	7.0 
5.0 	4.0 
9.0 	6.0 
82.0 	22.0 
4.0 	2.0 
6.0 	4.0 
1579.0 	154.0 
4.0 	3.0 
14.0 	8.0 
1.0 	1.0 
2.0 	2.0 
8.0 	5.0 
2.0 	2.0 
14.0 	8.0 
372.0 	58.0 
2.0 	2.0 
36.0 	14.0 
23.0 	15.0 
3642.0 	167.0 
17.0 	9.0 
1.0 	1.0 
23.0 	14.0 
13.0 	6.0 
28.0 	8.0 
16.0 	7.0 
52.0 	18.0 
17.0 	11.0 
40.0 	14.0 
3.0 	3.0 
2.0 	2.0 
4.0 	4.0 
7.0 	5.0 
25.0 	13.0 
1.0 	1.0 
7.0 	5.0 
1.0 	1.0 
39.0 	26.0 
1.0 	1.0 
1.0 	1.0 
1.0 	1.0 
67.0 	19.0 
3.0 	2.0 
35.0 	12.0 
1.0 	1.0 
14.0 	7.0 
1.0 	1.0 
668.0 	115.0 
31.0 	12.0 
21.0 	9.0 
1.0 	1.0 
3.0 	3.0 
6.0 	4.0 
2.0 	2.0 
1.0 	1.0 
2.0 	2.0 
3864.0 	279.0 
1.0 	1.0 
257.0 	61.0 
2991.0 	126.0 
1.0 	1.0 
4.0 	3.0 
1.0 	1.0 
2.0 	2.0 
2.0 	2.0 
2.0 	2.0 
5585.0 	286.0 
136.0 	30.0 
37.0 	11.0 
11.0 	7.0 
282.0 	66.0 
6.0 	3.0 
4.0 	4.0 
27.0 	15.0 
2.0 	2.0 
61.0 	12.0 
95.0 	23.0 
4.0 	4.0 
3.0 	2.0 
14.0 	7.0 
15.0 	7.0 
7.0 	4.0 
7.0 	4.0 
40.0 	19.0 
18.0 	6.0 
1.0 	1.0 
9.0 	5.0 
77.0 	19.0 
1.0 	1.0 
18.0 	9.0 
1.0 	1.0 
6.0 	5.0 
2.0 	2.0 
85900.0 	2004.0 
1.0 	1.0 
1.0 	1.0 
1.0 	1.0 
1.0 	1.0 
132.0 	34.0 
1.0 	1.0 
18866.0 	600.0 
3.0 	3.0 
4.0 	3.0 
87.0 	30.0 
299.0 	91.0 
25.0 	12.0 
47.0 	16.0 
7.0 	4.0 
11.0 	5.0 
4.0 	3.0 
24.0 	11.0 
27.0 	13.0 
14.0 	7.0 
4.0 	3.0 
4.0 	3.0 
45.0 	13.0 
1.0 	1.0 
12.0 	7.0 
578.0 	79.0 
644.0 	102.0 
407.0 	67.0 
1.0 	1.0 
2.0 	2.0 
898.0 	88.0 
1.0 	1.0 
6.0 	4.0 
3.0 	3.0 
3.0 	3.0 
11.0 	7.0 
436.0 	57.0 
1081.0 	111.0 
2485.0 	144.0 
9.0 	7.0 
1.0 	1.0 
11.0 	6.0 
5.0 	5.0 
2.0 	2.0 
13233.0 	553.0 
27.0 	14.0 
3.0 	2.0 
9536.0 	651.0 
1.0 	1.0 
1.0 	1.0 
2.0 	2.0 
4.0 	2.0 
1406.0 	329.0 
1.0 	1.0 
316.0 	63.0 
4.0 	3.0 
5.0 	4.0 
10.0 	5.0 
15783.0 	945.0 
30.0 	13.0 
1.0 	1.0 
4.0 	4.0 
6.0 	4.0 
109.0 	37.0 
5.0 	4.0 
60.0 	14.0 
1736.0 	127.0 
1.0 	1.0 
1.0 	1.0 
1.0 	1.0 
2.0 	2.0 
11.0 	5.0 
1.0 	1.0 
1.0 	1.0 
1.0 	1.0 
5.0 	3.0 
564.0 	71.0 
50.0 	19.0 
78.0 	23.0 
118.0 	39.0 
1.0 	1.0 
1.0 	1.0 
23.0 	9.0 
492.0 	77.0 
9.0 	6.0 
9.0 	4.0 
483131.0 	5852.0 
15.0 	10.0 
10.0 	8.0 
1.0 	1.0 
19.0 	12.0 
128.0 	36.0 
1.0 	1.0 
110.0 	23.0 
153.0 	48.0 
1213.0 	85.0 
9.0 	7.0 
1.0 	1.0 
67715.0 	2449.0 
2.0 	2.0 
2.0 	2.0 
1.0 	1.0 
5.0 	5.0 
1.0 	1.0 
5.0 	5.0 
280.0 	48.0 
1.0 	1.0 
611.0 	48.0 
9.0 	6.0 
5.0 	5.0 
7.0 	4.0 
17.0 	10.0 
1.0 	1.0 
4.0 	2.0 
1.0 	1.0 
12.0 	8.0 
39.0 	16.0 
48.0 	16.0 
1.0 	1.0 
9.0 	5.0 
2.0 	2.0 
13592.0 	653.0 
1.0 	1.0 
5.0 	4.0 
2988.0 	291.0 
1.0 	1.0 
2.0 	2.0 
4.0 	4.0 
20.0 	9.0 
11.0 	7.0 
4.0 	4.0 
6.0 	6.0 
17.0 	6.0 
1497.0 	179.0 
37.0 	17.0 
11.0 	8.0 
24.0 	12.0 
13.0 	7.0 
1.0 	1.0 
42259.0 	1083.0 
11.0 	8.0 
1.0 	1.0 
305738.0 	3671.0 
76.0 	15.0 
7385.0 	350.0 
1.0 	1.0 
3.0 	3.0 
1.0 	1.0 
1890.0 	121.0 
6.0 	3.0 
2.0 	2.0 
3.0 	3.0 
1812.0 	142.0 
9.0 	6.0 
1.0 	1.0 
112.0 	31.0 
2.0 	2.0 
13279.0 	456.0 
2.0 	2.0 
1.0 	1.0 
4.0 	4.0 
135.0 	41.0 
1.0 	1.0 
27383.0 	809.0 
1.0 	1.0 
183.0 	25.0 
50.0 	21.0 
2.0 	2.0 
4260.0 	297.0 
451.0 	75.0 
1.0 	1.0 
5.0 	3.0 
24.0 	14.0 
4.0 	3.0 
2.0 	2.0 
9.0 	5.0 
2.0 	2.0 
1.0 	1.0 
22.0 	14.0 
205909.0 	6996.0 
1004.0 	127.0 
1.0 	1.0 
7.0 	5.0 
5.0 	5.0 
13.0 	6.0 
1.0 	1.0 
2.0 	2.0 
2.0 	2.0 
1.0 	1.0 
2.0 	2.0 
3.0 	3.0 
141.0 	41.0 
2.0 	2.0 
1.0 	1.0 
482.0 	98.0 
1.0 	1.0 
1.0 	1.0 
2.0 	2.0 
9.0 	8.0 
2.0 	2.0 
6.0 	4.0 
2.0 	2.0 
1.0 	1.0 
1.0 	1.0 
3.0 	2.0 
459.0 	60.0 
20.0 	11.0 
51776.0 	1726.0 
1.0 	1.0 
1.0 	1.0 
479.0 	82.0 
1.0 	1.0 
9.0 	7.0 
13.0 	7.0 
14.0 	7.0 
13.0 	9.0 
1.0 	1.0 
16.0 	7.0 
25.0 	10.0 
1.0 	1.0 
37.0 	11.0 
15.0 	8.0 
1.0 	1.0 
13.0 	9.0 
15.0 	8.0 
6.0 	3.0 
6.0 	4.0 
3.0 	3.0 
18.0 	10.0 
28.0 	20.0 
1.0 	1.0 
96.0 	30.0 
30.0 	10.0 
85.0 	28.0 
15.0 	8.0 
4.0 	3.0 
35.0 	10.0 
1.0 	1.0 
1.0 	1.0 
29.0 	12.0 
1.0 	1.0 
40.0 	17.0 
11.0 	6.0 
3.0 	2.0 
1.0 	1.0 
1.0 	1.0 
864.0 	126.0 
10.0 	7.0 
1.0 	1.0 
611.0 	67.0 
1.0 	1.0 
1.0 	1.0 
1.0 	1.0 
4.0 	4.0 
27.0 	14.0 
6.0 	3.0 
11.0 	7.0 
148.0 	43.0 
2.0 	2.0 
3.0 	3.0 
1.0 	1.0 
1.0 	1.0 
251.0 	43.0 
57.0 	22.0 
8.0 	5.0 
445.0 	61.0 
928.0 	139.0 
10.0 	6.0 
21.0 	12.0 
1.0 	1.0 
357.0 	62.0 
2.0 	2.0 
264.0 	39.0 
1.0 	1.0 
4.0 	4.0 
1.0 	1.0 
3.0 	3.0 
1.0 	1.0 
1.0 	1.0 
1.0 	1.0 
6.0 	5.0 
269.0 	65.0 
2.0 	2.0 
7.0 	5.0 
287.0 	28.0 
1.0 	1.0 
841.0 	96.0 
37.0 	17.0 
17.0 	8.0 
5.0 	3.0 
1.0 	1.0 
1.0 	1.0 
8.0 	4.0 
1.0 	1.0 
1.0 	1.0 
467.0 	73.0 
2439.0 	155.0 
1.0 	1.0 
4.0 	3.0 
1.0 	1.0 
22.0 	11.0 
2.0 	2.0 
2.0 	2.0 
744.0 	71.0 
319741.0 	8708.0 
1.0 	1.0 
2.0 	2.0 
1.0 	1.0 
1.0 	1.0 
151.0 	36.0 
2.0 	2.0 
8.0 	5.0 
1.0 	1.0 
56.0 	17.0 
489.0 	57.0 
470.0 	58.0 
225.0 	40.0 
1.0 	1.0 
1.0 	1.0 
208.0 	39.0 
4.0 	3.0 
4.0 	3.0 
50596.0 	1833.0 
183.0 	70.0 
4.0 	4.0 
4.0 	3.0 
405.0 	71.0 
1.0 	1.0 
3.0 	2.0 
1.0 	1.0 
2.0 	2.0 
1.0 	1.0 
5.0 	3.0 
1.0 	1.0 
2.0 	2.0 
112571.0 	4090.0 
780.0 	92.0 
27.0 	11.0 
561.0 	56.0 
1.0 	1.0 
29.0 	13.0 
2.0 	2.0 
11.0 	6.0 
1.0 	1.0 
20.0 	9.0 
4.0 	2.0 
1.0 	1.0 
8088.0 	534.0 
4.0 	4.0 
4.0 	4.0 
8.0 	6.0 
4287.0 	296.0 
84.0 	29.0 
3.0 	2.0 
4.0 	3.0 
3.0 	2.0 
1.0 	1.0 
2.0 	2.0 
1.0 	1.0 
1.0 	1.0 
4.0 	4.0 
1.0 	1.0 
6726.0 	363.0 
1.0 	1.0 
1766.0 	167.0 
90.0 	26.0 
18.0 	12.0 
2.0 	2.0 
7074.0 	404.0 
616.0 	128.0 
9.0 	5.0 
27.0 	15.0 
100753.0 	3565.0 
103.0 	31.0 
12740.0 	656.0 
5.0 	5.0 
1.0 	1.0 
85.0 	19.0 
1.0 	1.0 
8.0 	5.0 
357.0 	55.0 
1.0 	1.0 
15.0 	7.0 
2.0 	2.0 
2.0 	2.0 
1.0 	1.0 
28.0 	15.0 
6.0 	6.0 
2.0 	2.0 
2.0 	2.0 
517.0 	101.0 
13.0 	8.0 
3.0 	2.0 
2649.0 	179.0 
8.0 	6.0 
1.0 	1.0 
28.0 	14.0 
52.0 	21.0 
12.0 	7.0 
6.0 	6.0 
368968.0 	6929.0 
4.0 	3.0 
2.0 	2.0 
4.0 	4.0 
1.0 	1.0 
16.0 	9.0 
371420.0 	8274.0 
1.0 	1.0 
1.0 	1.0 
194607.0 	2807.0 
5.0 	4.0 
77.0 	36.0 
2.0 	2.0 
1.0 	1.0 
1.0 	1.0 
15.0 	12.0 
198.0 	32.0 
23379.0 	853.0 
2.0 	2.0 
2.0 	2.0 
61.0 	28.0 
127.0 	31.0 
2.0 	2.0 
3.0 	2.0 
6.0 	5.0 
1.0 	1.0 
3847.0 	273.0 
7.0 	5.0 
62.0 	18.0 
5.0 	4.0 
1.0 	1.0 
6.0 	4.0 
115.0 	31.0 
7.0 	4.0 
3.0 	3.0 
1.0 	1.0 
440.0 	76.0 
202177.0 	2743.0 
3.0 	3.0 
1.0 	1.0 
6706.0 	248.0 
1.0 	1.0 
3.0 	3.0 
1.0 	1.0 
31.0 	15.0 
8.0 	5.0 
1.0 	1.0 
1.0 	1.0 
2518.0 	140.0 
1.0 	1.0 
1.0 	1.0 
24.0 	15.0 
2.0 	2.0 
1.0 	1.0 
4.0 	3.0 
9287.0 	442.0 
4.0 	3.0 
6.0 	6.0 
1.0 	1.0 
1.0 	1.0 
1667.0 	157.0 
2.0 	2.0 
744.0 	136.0 
1.0 	1.0 
1.0 	1.0 
1.0 	1.0 
2.0 	2.0 
10.0 	9.0 
9.0 	7.0 
31.0 	15.0 
1.0 	1.0 
44.0 	12.0 
21.0 	11.0 
130.0 	29.0 
33.0 	21.0 
13.0 	10.0 
235.0 	33.0 
1.0 	1.0 
9.0 	6.0 
42.0 	17.0 
13.0 	9.0 
7.0 	7.0 
6651.0 	616.0 
1.0 	1.0 
2.0 	2.0 
1.0 	1.0 
91.0 	28.0 
22.0 	15.0 
1.0 	1.0 
1.0 	1.0 
4.0 	3.0 
1783.0 	138.0 
23.0 	12.0 
5.0 	4.0 
6.0 	5.0 
6.0 	4.0 
27.0 	12.0 
3.0 	3.0 
7.0 	5.0 
2.0 	2.0 
3.0 	3.0 
12.0 	5.0 
2.0 	2.0 
2.0 	2.0 
1.0 	1.0 
14992.0 	401.0 
1.0 	1.0 
1.0 	1.0 
871.0 	111.0 
5.0 	4.0 
1.0 	1.0 
1.0 	1.0 
3.0 	2.0 
3.0 	3.0 
17733.0 	595.0 
2338.0 	192.0 
2.0 	2.0 
59945.0 	1628.0 
1.0 	1.0 
4.0 	4.0 
1.0 	1.0 
152.0 	26.0 
1.0 	1.0 
37.0 	18.0 
1.0 	1.0 
5714.0 	375.0 
15.0 	8.0 
2.0 	2.0 
201.0 	41.0 
12.0 	10.0 
24.0 	10.0 
10.0 	8.0 
926.0 	139.0 
6.0 	4.0 
2.0 	2.0 
3.0 	3.0 
17.0 	10.0 
7.0 	4.0 
20.0 	8.0 
470.0 	83.0 
2.0 	2.0 
44.0 	14.0 
34.0 	17.0 
1.0 	1.0 
52.0 	23.0 
285.0 	52.0 
12204.0 	548.0 
7.0 	6.0 
1.0 	1.0 
1.0 	1.0 
1.0 	1.0 
1.0 	1.0 
4.0 	3.0 
28167.0 	874.0 
1.0 	1.0 
16.0 	12.0 
35.0 	16.0 
483995.0 	10000.0 
1.0 	1.0 
7.0 	6.0 
201.0 	58.0 
1.0 	1.0 
1.0 	1.0 
1.0 	1.0 
1.0 	1.0 
4.0 	4.0 
4.0 	3.0 
17.0 	9.0 
4.0 	3.0 
10.0 	8.0 
79.0 	23.0 
2.0 	2.0 
1.0 	1.0 
32.0 	13.0 
1.0 	1.0 
1493.0 	102.0 
1.0 	1.0 
3.0 	3.0 
1.0 	1.0 
1.0 	1.0 
19.0 	11.0 
4.0 	3.0 
1.0 	1.0 
1475.0 	122.0 
9.0 	8.0 
33.0 	12.0 
1.0 	1.0 
490.0 	93.0 
2.0 	2.0 
5.0 	4.0 
5.0 	3.0 
21.0 	13.0 
22.0 	12.0 
8.0 	6.0 
1.0 	1.0 
16029.0 	1036.0 
76.0 	29.0 
1.0 	1.0 
1.0 	1.0 
1.0 	1.0 
8.0 	5.0 
8.0 	7.0 
2.0 	2.0 
1701.0 	182.0 
1.0 	1.0 
36.0 	10.0 
1.0 	1.0 
3.0 	3.0 
10.0 	7.0 
11.0 	8.0 
6.0 	4.0 
755.0 	98.0 
11.0 	5.0 
1.0 	1.0 
1.0 	1.0 
1.0 	1.0 
329.0 	73.0 
6.0 	5.0 
3.0 	3.0 
128.0 	38.0 
16328.0 	483.0 
1.0 	1.0 
2.0 	2.0 
1.0 	1.0 
243.0 	77.0 
1.0 	1.0 
997.0 	101.0 
1.0 	1.0 
4.0 	3.0 
3.0 	2.0 
1.0 	1.0 
40.0 	15.0 
1.0 	1.0 
8.0 	6.0 
1.0 	1.0 
37899.0 	1799.0 
1.0 	1.0 
1.0 	1.0 
71.0 	21.0 
517.0 	91.0 
2831.0 	242.0 
4.0 	3.0 
1.0 	1.0 
2.0 	2.0 
17.0 	7.0 
8.0 	6.0 
2.0 	2.0 
1.0 	1.0 
21.0 	11.0 
1.0 	1.0 
35.0 	16.0 
412301.0 	7903.0 
2.0 	2.0 
305.0 	67.0 
1.0 	1.0 
1.0 	1.0 
1.0 	1.0 
274.0 	61.0 
3.0 	2.0 
1.0 	1.0 
4.0 	2.0 
1.0 	1.0 
1.0 	1.0 
1.0 	1.0 
3.0 	2.0 
1.0 	1.0 
316.0 	47.0 
42.0 	20.0 
1.0 	1.0 
3.0 	3.0 
11.0 	6.0 
1.0 	1.0 
3.0 	3.0 
5.0 	5.0 
1.0 	1.0 
9443.0 	921.0 
4.0 	3.0 
115.0 	30.0 
99.0 	20.0 
4.0 	3.0 
7.0 	5.0 
1741.0 	106.0 
8.0 	5.0 
55.0 	30.0 
117.0 	23.0 
2.0 	2.0 
1.0 	1.0 
158.0 	40.0 
1.0 	1.0 
18.0 	10.0 
1.0 	1.0 
1831.0 	187.0 
1.0 	1.0 
1.0 	1.0 
1083.0 	97.0 
174.0 	29.0 
85.0 	23.0 
5.0 	3.0 
1.0 	1.0 
1.0 	1.0 
1.0 	1.0 
9.0 	5.0 
1.0 	1.0 
17.0 	9.0 
2627.0 	185.0 
111566.0 	2988.0 
61.0 	19.0 
1.0 	1.0 
57.0 	21.0 
166.0 	44.0 
13.0 	9.0 
11.0 	8.0 
203077.0 	3050.0 
1.0 	1.0 
15.0 	6.0 
91.0 	23.0 
1.0 	1.0 
18.0 	9.0 
5.0 	5.0 
4.0 	4.0 
4.0 	3.0 
4.0 	3.0 
1307.0 	89.0 
458.0 	88.0 
4.0 	3.0 
1.0 	1.0 
5.0 	5.0 
1.0 	1.0 
629.0 	86.0 
149.0 	38.0 
45.0 	19.0 
5.0 	4.0 
95.0 	16.0 
6.0 	5.0 
1.0 	1.0 
1.0 	1.0 
26.0 	13.0 
7.0 	5.0 
3.0 	3.0 
5.0 	3.0 
2.0 	2.0 
3950.0 	229.0 
6.0 	4.0 
22.0 	11.0 
39.0 	20.0 
1.0 	1.0 
6.0 	4.0 
3.0 	2.0 
1.0 	1.0 
14.0 	6.0 
1.0 	1.0 
20.0 	7.0 
2.0 	2.0 
1.0 	1.0 
593.0 	105.0 
1437.0 	185.0 
5.0 	5.0 
1.0 	1.0 
24.0 	16.0 
2691.0 	141.0 
15.0 	8.0 
11.0 	6.0 
743.0 	89.0 
3.0 	2.0 
1.0 	1.0 
142.0 	38.0 
2.0 	2.0 
13.0 	6.0 
1759.0 	120.0 
53.0 	20.0 
463.0 	83.0 
5.0 	4.0 
1.0 	1.0 
2570.0 	239.0 
8.0 	7.0 
1.0 	1.0 
3.0 	2.0 
1.0 	1.0 
11.0 	10.0 
197.0 	38.0 
159.0 	30.0 
1399.0 	99.0 
1.0 	1.0 
1.0 	1.0 
5.0 	4.0 
18.0 	10.0 
1.0 	1.0 
2.0 	2.0 
1.0 	1.0 
2.0 	2.0 
1.0 	1.0 
2.0 	2.0 
10.0 	7.0 
3.0 	2.0 
1.0 	1.0 
1.0 	1.0 
227683.0 	4553.0 
1.0 	1.0 
19.0 	10.0 
1.0 	1.0 
6.0 	4.0 
24729.0 	961.0 
2.0 	2.0 
1.0 	1.0 
2917.0 	188.0 
3098.0 	226.0 
2.0 	2.0 
2.0 	2.0 
2.0 	2.0 
74.0 	22.0 
11.0 	6.0 
1.0 	1.0 
156.0 	36.0 
2.0 	2.0 
1.0 	1.0 
193.0 	38.0 
468.0 	84.0 
5.0 	3.0 
84.0 	25.0 
1.0 	1.0 
1.0 	1.0 
52.0 	21.0 
112.0 	29.0 
10.0 	5.0 
9.0 	4.0 
6.0 	4.0 
1016.0 	132.0 
5.0 	3.0 
2130.0 	143.0 
46.0 	14.0 
9961.0 	372.0 
3.0 	2.0 
408.0 	59.0 
29413.0 	1011.0 
1.0 	1.0 
15.0 	8.0 
11.0 	9.0 
11.0 	6.0 
48.0 	19.0 
293.0 	69.0 
2463.0 	154.0 
213.0 	35.0 
11.0 	5.0 
1.0 	1.0 
1.0 	1.0 
36.0 	16.0 
1.0 	1.0 
278.0 	47.0 
30.0 	11.0 
3.0 	3.0 
43.0 	15.0 
559.0 	64.0 
2.0 	2.0 
2.0 	2.0 
10379.0 	462.0 
1.0 	1.0 
2.0 	2.0 
119.0 	27.0 
46.0 	17.0 
14.0 	8.0 
9.0 	5.0 
37.0 	21.0 
22.0 	7.0 
2.0 	2.0 
242.0 	47.0 
19.0 	8.0 
1.0 	1.0 
1.0 	1.0 
11.0 	6.0 
3.0 	3.0 
1.0 	1.0 
3.0 	2.0 
3.0 	3.0 
1.0 	1.0 
3.0 	2.0 
345.0 	58.0 
18.0 	10.0 
2.0 	2.0 
1.0 	1.0 
2.0 	2.0 
4315.0 	467.0 
3.0 	2.0 
120.0 	27.0 
2324.0 	217.0 
2.0 	2.0 
4.0 	4.0 
2.0 	2.0 
75.0 	20.0 
27.0 	12.0 
840.0 	56.0 
17.0 	9.0 
1.0 	1.0 
1397.0 	91.0 
3.0 	2.0 
307.0 	68.0 
314023.0 	4606.0 
1.0 	1.0 
1.0 	1.0 
1.0 	1.0 
3.0 	3.0 
9.0 	5.0 
7.0 	6.0 
5.0 	5.0 
7597.0 	320.0 
119.0 	32.0 
141.0 	29.0 
1.0 	1.0 
1.0 	1.0 
2.0 	2.0 
1.0 	1.0 
48.0 	22.0 
1.0 	1.0 
355.0 	59.0 
1.0 	1.0 
30.0 	10.0 
1.0 	1.0 
8.0 	7.0 
382.0 	68.0 
27.0 	14.0 
55.0 	21.0 
1.0 	1.0 
10.0 	5.0 
1.0 	1.0 
23.0 	12.0 
9.0 	6.0 
8.0 	4.0 
2713.0 	206.0 
9.0 	6.0 
1.0 	1.0 
1.0 	1.0 
23.0 	12.0 
2.0 	2.0 
22.0 	13.0 
2.0 	2.0 
3.0 	3.0 
15.0 	9.0 
3853.0 	230.0 
11.0 	6.0 
12054.0 	741.0 
1.0 	1.0 
1.0 	1.0 
77.0 	23.0 
1.0 	1.0 
9.0 	6.0 
1.0 	1.0 
2.0 	2.0 
352.0 	71.0 
299.0 	50.0 
1.0 	1.0 
1.0 	1.0 
19845.0 	693.0 
2.0 	2.0 
15.0 	8.0 
249.0 	58.0 
1.0 	1.0 
324.0 	70.0 
53.0 	15.0 
38.0 	12.0 
243.0 	50.0 
1.0 	1.0 
86.0 	19.0 
241.0 	28.0 
4.0 	4.0 
60940.0 	3429.0 
38333.0 	1663.0 
42.0 	20.0 
17.0 	9.0 
97.0 	33.0 
4.0 	3.0 
1.0 	1.0 
141.0 	55.0 
2.0 	2.0 
1.0 	1.0 
319.0 	51.0 
1.0 	1.0 
9.0 	7.0 
1.0 	1.0 
1.0 	1.0 
1.0 	1.0 
1.0 	1.0 
14.0 	13.0 
25.0 	12.0 
1942.0 	156.0 
3.0 	2.0 
118038.0 	3663.0 
131.0 	30.0 
62.0 	18.0 
2.0 	2.0 
155.0 	31.0 
3.0 	3.0 
1.0 	1.0 
1.0 	1.0 
2.0 	2.0 
3.0 	2.0 
1.0 	1.0 
12.0 	5.0 
1.0 	1.0 
1.0 	1.0 
6.0 	4.0 
226.0 	49.0 
1.0 	1.0 
11.0 	7.0 
1.0 	1.0 
1.0 	1.0 
3.0 	3.0 
8.0 	5.0 
1.0 	1.0 
1.0 	1.0 
2.0 	2.0 
1.0 	1.0 
8288.0 	333.0 
30.0 	11.0 
1.0 	1.0 
5.0 	5.0 
1.0 	1.0 
4.0 	3.0 
61.0 	14.0 
2582.0 	303.0 
532.0 	81.0 
5.0 	4.0 
1.0 	1.0 
59.0 	21.0 
1.0 	1.0 
51.0 	14.0 
1.0 	1.0 
234.0 	49.0 
1.0 	1.0 
20781.0 	1000.0 
3.0 	3.0 
1023.0 	110.0 
1.0 	1.0 
3.0 	3.0 
1.0 	1.0 
3.0 	3.0 
2.0 	2.0 
14.0 	9.0 
18.0 	10.0 
138.0 	24.0 
3.0 	3.0 
103146.0 	2833.0 
267.0 	58.0 
5212.0 	532.0 
15.0 	7.0 
2.0 	2.0 
2605.0 	201.0 
47.0 	21.0 
2.0 	2.0 
1761.0 	119.0 
80.0 	24.0 
13.0 	9.0 
78.0 	19.0 
21.0 	9.0 
13274.0 	786.0 
1.0 	1.0 
26.0 	13.0 
158.0 	38.0 
1.0 	1.0 
127.0 	40.0 
2.0 	2.0 
2.0 	2.0 
19.0 	9.0 
38.0 	15.0 
16.0 	9.0 
31.0 	11.0 
3.0 	3.0 
2075.0 	144.0 
162.0 	49.0 
32.0 	12.0 
4.0 	3.0 
2.0 	2.0 
4.0 	3.0 
164.0 	34.0 
1669.0 	102.0 
2.0 	2.0 
1.0 	1.0 
4.0 	3.0 
1.0 	1.0 
1.0 	1.0 
5.0 	4.0 
10.0 	7.0 
9.0 	4.0 
8.0 	6.0 
76938.0 	2363.0 
5.0 	5.0 
60.0 	17.0 
8.0 	5.0 
158711.0 	5477.0 
51807.0 	1851.0 
75.0 	23.0 
84.0 	22.0 
1803.0 	140.0 
43.0 	16.0 
1.0 	1.0 
7.0 	5.0 
2.0 	2.0 
3.0 	3.0 
2.0 	2.0 
22.0 	12.0 
4.0 	3.0 
310.0 	50.0 
5185.0 	470.0 
2.0 	2.0 
3.0 	3.0 
1.0 	1.0 
12.0 	7.0 
59.0 	21.0 
5519.0 	385.0 
1.0 	1.0 
1.0 	1.0 
5.0 	3.0 
1.0 	1.0 
1.0 	1.0 
17.0 	8.0 
3.0 	3.0 
1.0 	1.0 
8.0 	5.0 
2.0 	2.0 
145055.0 	2819.0 
9.0 	5.0 
302.0 	45.0 
42.0 	16.0 
19.0 	11.0 
5.0 	3.0 
4.0 	4.0 
2.0 	2.0 
5.0 	4.0 
4794.0 	236.0 
165.0 	33.0 
1.0 	1.0 
4.0 	3.0 
1.0 	1.0 
2.0 	2.0 
1.0 	1.0 
34345.0 	1403.0 
6.0 	5.0 
1350.0 	137.0 
34.0 	10.0 
92.0 	20.0 
10.0 	8.0 
3.0 	3.0 
478.0 	55.0 
14.0 	9.0 
3.0 	3.0 
6009.0 	274.0 
2.0 	2.0 
5.0 	4.0 
199.0 	33.0 
5.0 	4.0 
238.0 	49.0 
11319.0 	556.0 
2.0 	2.0 
145.0 	36.0 
10.0 	7.0 
1.0 	1.0 
3.0 	2.0 
489.0 	53.0 
1.0 	1.0 
1.0 	1.0 
1.0 	1.0 
1.0 	1.0 
395.0 	52.0 
74.0 	19.0 
125.0 	34.0 
749.0 	105.0 
4.0 	4.0 
7.0 	5.0 
26.0 	11.0 
1.0 	1.0 
1.0 	1.0 
3.0 	3.0 
161.0 	24.0 
1.0 	1.0 
11.0 	10.0 
1.0 	1.0 
26.0 	11.0 
3.0 	2.0 
1.0 	1.0 
12.0 	7.0 
5.0 	5.0 
399.0 	76.0 
221.0 	55.0 
154.0 	35.0 
6.0 	4.0 
163.0 	36.0 
4.0 	4.0 
2.0 	2.0 
544.0 	67.0 
1.0 	1.0 
1.0 	1.0 
5.0 	4.0 
102.0 	20.0 
282974.0 	10000.0 
43.0 	16.0 
942.0 	75.0 
1.0 	1.0 
17.0 	11.0 
180.0 	42.0 
4077.0 	444.0 
52.0 	10.0 
2649.0 	162.0 
864.0 	70.0 
4.0 	4.0 
150.0 	23.0 
4001.0 	259.0 
1.0 	1.0 
48728.0 	1065.0 
3.0 	3.0 
2.0 	2.0 
2.0 	2.0 
14.0 	6.0 
28.0 	11.0 
14.0 	7.0 
1.0 	1.0 
1.0 	1.0 
1089.0 	120.0 
1.0 	1.0 
6.0 	4.0 
5429.0 	371.0 
7.0 	5.0 
2.0 	2.0 
1.0 	1.0 
3.0 	2.0 
2.0 	2.0 
1.0 	1.0 
3101.0 	211.0 
6414.0 	387.0 
6.0 	5.0 
2.0 	2.0 
1.0 	1.0 
1.0 	1.0 
1.0 	1.0 
1472.0 	178.0 
181.0 	44.0 
4.0 	3.0 
1.0 	1.0 
43.0 	17.0 
149.0 	40.0 
114816.0 	3817.0 
3.0 	3.0 
2.0 	2.0 
1.0 	1.0 
854.0 	92.0 
63.0 	20.0 
852.0 	83.0 
2.0 	2.0 
12.0 	7.0 
2.0 	2.0 
1.0 	1.0 
7.0 	4.0 
1.0 	1.0 
3.0 	2.0 
1.0 	1.0 
2.0 	2.0 
6.0 	5.0 
114079.0 	3631.0 
881.0 	127.0 
121.0 	41.0 
157.0 	40.0 
1.0 	1.0 
32.0 	14.0 
3.0 	2.0 
1.0 	1.0 
2.0 	2.0 
1.0 	1.0 
4.0 	4.0 
230556.0 	7704.0 
1.0 	1.0 
1.0 	1.0 
250.0 	43.0 
1.0 	1.0 
2.0 	2.0 
6.0 	4.0 
1.0 	1.0 
2.0 	2.0 
1.0 	1.0 
1.0 	1.0 
1307.0 	111.0 
1895.0 	153.0 
14.0 	7.0 
3327.0 	239.0 
35.0 	8.0 
1.0 	1.0 
3.0 	2.0 
4.0 	3.0 
8.0 	5.0 
4.0 	3.0 
1.0 	1.0 
4.0 	4.0 
1.0 	1.0 
1.0 	1.0 
1.0 	1.0 
4.0 	4.0 
7.0 	5.0 
22.0 	12.0 
1.0 	1.0 
5.0 	5.0 
8.0 	5.0 
11.0 	7.0 
491.0 	73.0 
2.0 	2.0 
2.0 	2.0 
1.0 	1.0 
7.0 	5.0 
2.0 	2.0 
63.0 	35.0 
1.0 	1.0 
8.0 	7.0 
1.0 	1.0 
37.0 	23.0 
11.0 	7.0 
1.0 	1.0 
10.0 	5.0 
1.0 	1.0 
2.0 	2.0 
29.0 	8.0 
1.0 	1.0 
19.0 	15.0 
20.0 	11.0 
1.0 	1.0 
3.0 	3.0 
680.0 	77.0 
25.0 	10.0 
6.0 	3.0 
2.0 	2.0 
21989.0 	841.0 
3.0 	3.0 
2.0 	2.0 
105.0 	28.0 
478.0 	86.0 
3.0 	3.0 
2.0 	2.0 
7.0 	6.0 
8.0 	4.0 
6.0 	5.0 
57.0 	19.0 
4.0 	4.0 
1.0 	1.0 
1.0 	1.0 
1.0 	1.0 
1.0 	1.0 
11.0 	7.0 
7.0 	4.0 
2.0 	2.0 
45.0 	16.0 
6.0 	5.0 
3.0 	3.0 
3481.0 	332.0 
4.0 	3.0 
1.0 	1.0 
1.0 	1.0 
3.0 	3.0 
8.0 	6.0 
2123.0 	127.0 
2.0 	2.0 
60.0 	21.0 
6.0 	5.0 
127.0 	27.0 
2.0 	2.0 
21.0 	10.0 
23.0 	14.0 
205.0 	55.0 
2.0 	2.0 
1.0 	1.0 
2.0 	2.0 
485.0 	96.0 
2.0 	2.0 
50.0 	19.0 
5.0 	4.0 
7.0 	6.0 
1.0 	1.0 
101.0 	26.0 
3.0 	3.0 
54.0 	19.0 
25.0 	9.0 
10.0 	6.0 
20904.0 	635.0 
3.0 	2.0 
1.0 	1.0 
24.0 	10.0 
15.0 	10.0 
1.0 	1.0 
168.0 	23.0 
2.0 	2.0 
13.0 	5.0 
10.0 	5.0 
48.0 	20.0 
332.0 	69.0 
3.0 	2.0 
2.0 	2.0 
1.0 	1.0 
66.0 	15.0 
6.0 	5.0 
83.0 	26.0 
1.0 	1.0 
35.0 	16.0 
11.0 	6.0 
1890.0 	143.0 
1.0 	1.0 
33.0 	11.0 
51.0 	14.0 
685.0 	117.0 
2995.0 	227.0 
32.0 	15.0 
3.0 	3.0 
260.0 	61.0 
95.0 	25.0 
4.0 	3.0 
27.0 	12.0 
39.0 	14.0 
21.0 	13.0 
26.0 	10.0 
4.0 	3.0 
139.0 	26.0 
1.0 	1.0 
1.0 	1.0 
1.0 	1.0 
95.0 	32.0 
2.0 	2.0 
1.0 	1.0 
11.0 	6.0 
4.0 	2.0 
58837.0 	1530.0 
3.0 	2.0 
1.0 	1.0 
1.0 	1.0 
1.0 	1.0 
1.0 	1.0 
195.0 	33.0 
280.0 	50.0 
15.0 	7.0 
1.0 	1.0 
137.0 	35.0 
35.0 	15.0 
1.0 	1.0 
1.0 	1.0 
14.0 	7.0 
58.0 	16.0 
1704.0 	139.0 
53.0 	15.0 
1.0 	1.0 
47.0 	22.0 
2.0 	2.0 
6.0 	6.0 
25.0 	10.0 
17.0 	7.0 
106816.0 	2162.0 
6.0 	4.0 
4.0 	3.0 
91.0 	23.0 
6.0 	3.0 
53.0 	24.0 
3.0 	3.0 
4.0 	4.0 
1.0 	1.0 
4.0 	3.0 
209.0 	40.0 
1.0 	1.0 
2.0 	2.0 
1.0 	1.0 
11.0 	6.0 
35.0 	12.0 
40.0 	25.0 
75.0 	25.0 
1.0 	1.0 
1.0 	1.0 
1.0 	1.0 
908.0 	105.0 
1.0 	1.0 
10.0 	7.0 
9651.0 	552.0 
2.0 	2.0 
1.0 	1.0 
1.0 	1.0 
1.0 	1.0 
8415.0 	422.0 
17.0 	9.0 
1.0 	1.0 
88.0 	21.0 
1.0 	1.0 
4.0 	3.0 
2.0 	2.0 
34011.0 	943.0 
4.0 	4.0 
1.0 	1.0 
4.0 	4.0 
186.0 	58.0 
1.0 	1.0 
7.0 	4.0 
246.0 	63.0 
51.0 	21.0 
2.0 	2.0 
1.0 	1.0 
9.0 	4.0 
1.0 	1.0 
3.0 	2.0 
1.0 	1.0 
10.0 	8.0 
33.0 	14.0 
1.0 	1.0 
1.0 	1.0 
299.0 	93.0 
6.0 	4.0 
1.0 	1.0 
60.0 	17.0 
4.0 	3.0 
1151.0 	143.0 
2.0 	2.0 
115.0 	45.0 
41.0 	20.0 
24.0 	14.0 
4.0 	3.0 
1.0 	1.0 
10068.0 	671.0 
7.0 	6.0 
58.0 	24.0 
6.0 	5.0 
19.0 	10.0 
2.0 	2.0 
90.0 	25.0 
1.0 	1.0 
22.0 	11.0 
1.0 	1.0 
2.0 	2.0 
39.0 	15.0 
1.0 	1.0 
1.0 	1.0 
1.0 	1.0 
23.0 	10.0 
253.0 	55.0 
1.0 	1.0 
35.0 	15.0 
10.0 	6.0 
1.0 	1.0 
60.0 	19.0 
6.0 	6.0 
398.0 	69.0 
1.0 	1.0 
109.0 	27.0 
1.0 	1.0 
22.0 	12.0 
3.0 	2.0 
330.0 	81.0 
1.0 	1.0 
2.0 	2.0 
31.0 	15.0 
8.0 	5.0 
182.0 	45.0 
1.0 	1.0 
141.0 	33.0 
167.0 	45.0 
1.0 	1.0 
87.0 	25.0 
113.0 	32.0 
9.0 	5.0 
39.0 	14.0 
6.0 	4.0 
340.0 	62.0 
1.0 	1.0 
2.0 	2.0 
22674.0 	1028.0 
9.0 	6.0 
6.0 	5.0 
6.0 	4.0 
2.0 	2.0 
173.0 	37.0 
44.0 	16.0 
7.0 	4.0 
3.0 	2.0 
1.0 	1.0 
4.0 	4.0 
374.0 	64.0 
3.0 	2.0 
12905.0 	302.0 
2.0 	2.0 
2.0 	2.0 
3.0 	2.0 
353301.0 	7431.0 
23.0 	11.0 
3.0 	3.0 
5.0 	4.0 
3.0 	3.0 
26313.0 	842.0 
1114.0 	163.0 
2.0 	2.0 
31082.0 	1040.0 
287518.0 	3786.0 
1.0 	1.0 
190.0 	45.0 
4.0 	3.0 
1.0 	1.0 
2.0 	2.0 
19.0 	7.0 
1.0 	1.0 
514.0 	82.0 
1.0 	1.0 
2.0 	2.0 
4371.0 	443.0 
1.0 	1.0 
624.0 	76.0 
75.0 	35.0 
3.0 	3.0 
5.0 	4.0 
132.0 	32.0 
2.0 	2.0 
2.0 	2.0 
1.0 	1.0 
27.0 	10.0 
25.0 	10.0 
3.0 	3.0 
2.0 	2.0 
3.0 	2.0 
24.0 	12.0 
2.0 	2.0 
250958.0 	6113.0 
25.0 	10.0 
9.0 	6.0 
1.0 	1.0 
185.0 	33.0 
1.0 	1.0 
1.0 	1.0 
1.0 	1.0 
5.0 	4.0 
315.0 	57.0 
2.0 	2.0 
1.0 	1.0 
166.0 	24.0 
1.0 	1.0 
8.0 	8.0 
9.0 	5.0 
85.0 	23.0 
2.0 	2.0 
16.0 	9.0 
3.0 	3.0 
83.0 	34.0 
1.0 	1.0 
1.0 	1.0 
21.0 	7.0 
20.0 	9.0 
1.0 	1.0 
5.0 	3.0 
1.0 	1.0 
15.0 	8.0 
7.0 	5.0 
13.0 	8.0 
685.0 	104.0 
12.0 	8.0 
2.0 	2.0 
1.0 	1.0 
1582.0 	143.0 
4754.0 	273.0 
3.0 	2.0 
1.0 	1.0 
27.0 	14.0 
71.0 	20.0 
495.0 	87.0 
3.0 	3.0 
2.0 	2.0 
1.0 	1.0 
2.0 	2.0 
2.0 	2.0 
1374.0 	200.0 
5.0 	3.0 
1.0 	1.0 
1.0 	1.0 
5.0 	3.0 
4.0 	3.0 
8.0 	6.0 
23.0 	12.0 
2.0 	2.0 
2.0 	2.0 
1.0 	1.0 
1.0 	1.0 
1.0 	1.0 
59.0 	17.0 
3.0 	3.0 
1.0 	1.0 
3.0 	3.0 
1.0 	1.0 
6.0 	3.0 
1.0 	1.0 
63.0 	17.0 
34.0 	13.0 
3.0 	2.0 
8162.0 	544.0 
3.0 	3.0 
130.0 	26.0 
1.0 	1.0 
4.0 	3.0 
75.0 	34.0 
14.0 	10.0 
1.0 	1.0 
2.0 	2.0 
1.0 	1.0 
1.0 	1.0 
