Sistemas = 000005522
Spikes 	 Durations 
6552.0 	272.0 
15.0 	8.0 
11.0 	5.0 
19.0 	7.0 
9.0 	6.0 
12.0 	7.0 
6.0 	4.0 
359751250.0 	1000000.0 
148267786.0 	1000000.0 
151703168.0 	1000000.0 
1114.0 	104.0 
10.0 	4.0 
3.0 	3.0 
171.0 	46.0 
149743691.0 	1000000.0 
1.0 	1.0 
1.0 	1.0 
16714.0 	721.0 
309.0 	70.0 
1.0 	1.0 
149533055.0 	1000000.0 
1.0 	1.0 
1.0 	1.0 
37.0 	15.0 
52474.0 	988.0 
5.0 	5.0 
1.0 	1.0 
1.0 	1.0 
1.0 	1.0 
147820329.0 	1000000.0 
335.0 	72.0 
3.0 	2.0 
7.0 	6.0 
1.0 	1.0 
2.0 	2.0 
4.0 	3.0 
1.0 	1.0 
1.0 	1.0 
12.0 	6.0 
1.0 	1.0 
148543993.0 	1000000.0 
1052.0 	80.0 
114.0 	34.0 
2.0 	2.0 
43.0 	17.0 
134117.0 	2978.0 
15.0 	6.0 
1.0 	1.0 
71052.0 	2939.0 
2.0 	2.0 
20.0 	9.0 
26.0 	9.0 
4722.0 	287.0 
20.0 	9.0 
6.0 	4.0 
1.0 	1.0 
6511.0 	601.0 
4.0 	4.0 
2.0 	2.0 
2027.0 	248.0 
1.0 	1.0 
861.0 	177.0 
16.0 	8.0 
1.0 	1.0 
91.0 	17.0 
19.0 	8.0 
1.0 	1.0 
1.0 	1.0 
7.0 	5.0 
224.0 	56.0 
6.0 	4.0 
6.0 	6.0 
4.0 	3.0 
1.0 	1.0 
6.0 	4.0 
4.0 	3.0 
3.0 	2.0 
230.0 	66.0 
1.0 	1.0 
163622409.0 	1000000.0 
22598.0 	553.0 
351948245.0 	1000000.0 
613.0 	67.0 
7.0 	5.0 
148703900.0 	1000000.0 
2.0 	2.0 
1.0 	1.0 
10.0 	6.0 
1.0 	1.0 
7.0 	4.0 
3.0 	3.0 
1.0 	1.0 
9.0 	6.0 
14.0 	7.0 
2564.0 	224.0 
357732530.0 	1000000.0 
2.0 	2.0 
1.0 	1.0 
6.0 	5.0 
6.0 	5.0 
1.0 	1.0 
3.0 	2.0 
4.0 	3.0 
1.0 	1.0 
270106381.0 	1000000.0 
1.0 	1.0 
1.0 	1.0 
81.0 	25.0 
3096.0 	255.0 
109.0 	33.0 
5.0 	5.0 
33.0 	12.0 
6.0 	5.0 
359207803.0 	1000000.0 
2.0 	2.0 
5.0 	3.0 
13277.0 	889.0 
6461.0 	349.0 
5.0 	4.0 
1.0 	1.0 
464288.0 	5486.0 
279.0 	54.0 
1.0 	1.0 
12.0 	7.0 
262.0 	51.0 
2.0 	2.0 
153064744.0 	1000000.0 
2.0 	2.0 
2.0 	2.0 
2.0 	2.0 
2.0 	2.0 
1.0 	1.0 
151364441.0 	1000000.0 
148246865.0 	1000000.0 
4442.0 	352.0 
1.0 	1.0 
2.0 	2.0 
3.0 	3.0 
117039.0 	1608.0 
10401.0 	661.0 
1.0 	1.0 
26.0 	14.0 
3.0 	2.0 
1.0 	1.0 
113888166.0 	773612.0 
1523.0 	131.0 
384663.0 	4965.0 
4.0 	4.0 
99.0 	32.0 
1.0 	1.0 
5.0 	4.0 
1321153.0 	14875.0 
504798.0 	9086.0 
5.0 	5.0 
33.0 	9.0 
193.0 	65.0 
1.0 	1.0 
91.0 	33.0 
1.0 	1.0 
269.0 	69.0 
15.0 	6.0 
91.0 	40.0 
1.0 	1.0 
149309101.0 	1000000.0 
22.0 	16.0 
3.0 	2.0 
1.0 	1.0 
619.0 	84.0 
1.0 	1.0 
3.0 	3.0 
1.0 	1.0 
148052701.0 	1000000.0 
54.0 	14.0 
97.0 	23.0 
1.0 	1.0 
153903832.0 	1000000.0 
4.0 	3.0 
1.0 	1.0 
70.0 	23.0 
24.0 	13.0 
58.0 	16.0 
51.0 	16.0 
6.0 	4.0 
2754.0 	175.0 
15.0 	11.0 
1.0 	1.0 
622.0 	102.0 
4.0 	3.0 
11.0 	8.0 
1.0 	1.0 
1.0 	1.0 
50.0 	15.0 
2.0 	2.0 
42.0 	14.0 
438.0 	85.0 
26918.0 	526.0 
1.0 	1.0 
2.0 	2.0 
1.0 	1.0 
23.0 	10.0 
6.0 	5.0 
4.0 	4.0 
1.0 	1.0 
360437367.0 	1000000.0 
2.0 	2.0 
5.0 	5.0 
3.0 	2.0 
7.0 	4.0 
2.0 	2.0 
135.0 	28.0 
1.0 	1.0 
1.0 	1.0 
260.0 	65.0 
2.0 	2.0 
3.0 	3.0 
3.0 	2.0 
1.0 	1.0 
8.0 	6.0 
7733.0 	312.0 
10.0 	7.0 
2.0 	2.0 
5.0 	4.0 
2.0 	2.0 
2.0 	2.0 
1.0 	1.0 
4299.0 	281.0 
1.0 	1.0 
1.0 	1.0 
1.0 	1.0 
152469648.0 	1000000.0 
148690655.0 	1000000.0 
1.0 	1.0 
1.0 	1.0 
1.0 	1.0 
287.0 	67.0 
1.0 	1.0 
19.0 	8.0 
8.0 	8.0 
1.0 	1.0 
37.0 	12.0 
4.0 	3.0 
7094.0 	412.0 
3.0 	3.0 
14.0 	6.0 
360157751.0 	1000000.0 
1.0 	1.0 
4.0 	3.0 
1.0 	1.0 
10.0 	6.0 
4.0 	2.0 
1.0 	1.0 
18.0 	7.0 
1.0 	1.0 
18375.0 	1446.0 
1.0 	1.0 
8.0 	5.0 
28.0 	14.0 
1.0 	1.0 
1.0 	1.0 
1.0 	1.0 
2.0 	2.0 
4171.0 	402.0 
2.0 	2.0 
14.0 	10.0 
14.0 	10.0 
65558.0 	1554.0 
1.0 	1.0 
2.0 	2.0 
1.0 	1.0 
15.0 	12.0 
1.0 	1.0 
6.0 	5.0 
344.0 	47.0 
37.0 	10.0 
167.0 	39.0 
1.0 	1.0 
1.0 	1.0 
2698.0 	209.0 
59804.0 	1526.0 
1.0 	1.0 
1.0 	1.0 
69.0 	32.0 
13.0 	5.0 
80328.0 	2362.0 
3.0 	2.0 
2.0 	2.0 
320.0 	41.0 
788901.0 	10059.0 
1.0 	1.0 
4.0 	2.0 
1.0 	1.0 
14.0 	9.0 
162306.0 	3317.0 
359682817.0 	1000000.0 
2.0 	2.0 
7.0 	4.0 
1.0 	1.0 
148639193.0 	1000000.0 
79.0 	29.0 
244.0 	53.0 
275814150.0 	1000000.0 
2.0 	2.0 
3.0 	3.0 
1.0 	1.0 
834.0 	85.0 
2.0 	2.0 
5.0 	5.0 
1899.0 	221.0 
1.0 	1.0 
18.0 	7.0 
24.0 	14.0 
1.0 	1.0 
65.0 	23.0 
2.0 	2.0 
1.0 	1.0 
19.0 	8.0 
9.0 	3.0 
17.0 	9.0 
5.0 	4.0 
1.0 	1.0 
218.0 	41.0 
170686158.0 	1000000.0 
1.0 	1.0 
9.0 	6.0 
1.0 	1.0 
59.0 	22.0 
2351.0 	241.0 
148388952.0 	1000000.0 
11.0 	7.0 
1.0 	1.0 
68.0 	20.0 
1.0 	1.0 
6.0 	3.0 
14.0 	8.0 
6.0 	5.0 
13.0 	11.0 
15870.0 	723.0 
1.0 	1.0 
3.0 	3.0 
15457.0 	426.0 
53.0 	20.0 
16.0 	7.0 
1.0 	1.0 
2.0 	2.0 
3.0 	3.0 
4.0 	3.0 
55.0 	16.0 
1.0 	1.0 
7376.0 	198.0 
8.0 	5.0 
5.0 	3.0 
156.0 	36.0 
26.0 	16.0 
1.0 	1.0 
1.0 	1.0 
1.0 	1.0 
1.0 	1.0 
2.0 	2.0 
1.0 	1.0 
1.0 	1.0 
6887.0 	359.0 
1.0 	1.0 
1.0 	1.0 
10.0 	6.0 
1.0 	1.0 
2.0 	2.0 
3.0 	3.0 
1.0 	1.0 
1.0 	1.0 
359149243.0 	1000000.0 
3.0 	2.0 
14.0 	8.0 
21.0 	12.0 
730.0 	110.0 
1.0 	1.0 
8626.0 	316.0 
1.0 	1.0 
104.0 	22.0 
25.0 	8.0 
148561568.0 	1000000.0 
40.0 	12.0 
359645824.0 	1000000.0 
3.0 	3.0 
1043.0 	183.0 
148051359.0 	1000000.0 
1.0 	1.0 
317.0 	74.0 
277.0 	40.0 
2.0 	2.0 
149097275.0 	1000000.0 
14.0 	8.0 
2141.0 	160.0 
14.0 	12.0 
2.0 	2.0 
1.0 	1.0 
34.0 	13.0 
1.0 	1.0 
15.0 	5.0 
358983820.0 	1000000.0 
1.0 	1.0 
8.0 	4.0 
31.0 	12.0 
1.0 	1.0 
10.0 	5.0 
148421356.0 	1000000.0 
1.0 	1.0 
1.0 	1.0 
1.0 	1.0 
9.0 	5.0 
1.0 	1.0 
1.0 	1.0 
7.0 	6.0 
20.0 	15.0 
4.0 	4.0 
359590524.0 	1000000.0 
1.0 	1.0 
1.0 	1.0 
4.0 	4.0 
1.0 	1.0 
64516.0 	2648.0 
5.0 	4.0 
175.0 	38.0 
154012.0 	2838.0 
39.0 	18.0 
15.0 	8.0 
3257.0 	173.0 
2.0 	2.0 
56.0 	19.0 
594.0 	130.0 
1.0 	1.0 
1.0 	1.0 
105.0 	37.0 
258.0 	44.0 
40.0 	18.0 
11.0 	5.0 
249865584.0 	1000000.0 
3.0 	2.0 
207.0 	40.0 
2.0 	2.0 
2.0 	2.0 
4.0 	4.0 
9.0 	5.0 
1.0 	1.0 
1.0 	1.0 
358290448.0 	1000000.0 
575609.0 	7454.0 
2.0 	2.0 
1213.0 	162.0 
11.0 	6.0 
3.0 	3.0 
1.0 	1.0 
153.0 	38.0 
344490794.0 	1000000.0 
1.0 	1.0 
753.0 	134.0 
1.0 	1.0 
8.0 	6.0 
1.0 	1.0 
1.0 	1.0 
68.0 	26.0 
504.0 	56.0 
4.0 	4.0 
3.0 	3.0 
1.0 	1.0 
1.0 	1.0 
9895.0 	447.0 
1.0 	1.0 
14.0 	7.0 
437.0 	60.0 
687.0 	106.0 
359716883.0 	1000000.0 
506.0 	67.0 
6.0 	4.0 
148454030.0 	1000000.0 
1.0 	1.0 
224053657.0 	1000000.0 
2.0 	2.0 
1.0 	1.0 
3.0 	3.0 
288.0 	50.0 
478.0 	99.0 
1.0 	1.0 
2.0 	2.0 
148137543.0 	1000000.0 
1850.0 	178.0 
7.0 	5.0 
49.0 	13.0 
1.0 	1.0 
4.0 	3.0 
321.0 	83.0 
1.0 	1.0 
148560914.0 	1000000.0 
5.0 	3.0 
1.0 	1.0 
8.0 	6.0 
148436000.0 	1000000.0 
699.0 	102.0 
122.0 	46.0 
860.0 	82.0 
5.0 	5.0 
6.0 	6.0 
1.0 	1.0 
959.0 	127.0 
49.0 	16.0 
2.0 	2.0 
2.0 	2.0 
1.0 	1.0 
359516700.0 	1000000.0 
1.0 	1.0 
44.0 	22.0 
6.0 	4.0 
1.0 	1.0 
6.0 	6.0 
78.0 	20.0 
19.0 	9.0 
15.0 	11.0 
2.0 	2.0 
30872.0 	1291.0 
1.0 	1.0 
148570271.0 	1000000.0 
3.0 	2.0 
1.0 	1.0 
360474853.0 	1000000.0 
7.0 	6.0 
147914354.0 	1000000.0 
8337.0 	451.0 
1.0 	1.0 
149427558.0 	1000000.0 
148019094.0 	1000000.0 
1.0 	1.0 
5.0 	3.0 
8238.0 	347.0 
1.0 	1.0 
2.0 	2.0 
4.0 	3.0 
148807172.0 	1000000.0 
5.0 	4.0 
41.0 	14.0 
17398.0 	739.0 
2.0 	2.0 
1.0 	1.0 
445.0 	71.0 
208612845.0 	1000000.0 
2.0 	2.0 
262425566.0 	1000000.0 
46.0 	17.0 
149156480.0 	1000000.0 
1.0 	1.0 
5.0 	3.0 
1.0 	1.0 
148650320.0 	1000000.0 
1.0 	1.0 
1.0 	1.0 
9.0 	7.0 
2416.0 	264.0 
23.0 	10.0 
1.0 	1.0 
183232387.0 	1000000.0 
167.0 	39.0 
11.0 	5.0 
26.0 	10.0 
2.0 	2.0 
4.0 	4.0 
9269.0 	437.0 
93.0 	31.0 
161.0 	56.0 
4.0 	3.0 
1828.0 	251.0 
1.0 	1.0 
1758.0 	153.0 
78.0 	30.0 
61.0 	18.0 
65.0 	18.0 
50.0 	23.0 
27.0 	15.0 
162854524.0 	1000000.0 
25.0 	11.0 
27.0 	12.0 
5450.0 	399.0 
1.0 	1.0 
22638.0 	1040.0 
370302.0 	5491.0 
6.0 	5.0 
462.0 	50.0 
2.0 	2.0 
1.0 	1.0 
1.0 	1.0 
1.0 	1.0 
16.0 	9.0 
2.0 	2.0 
6.0 	4.0 
5.0 	3.0 
7.0 	5.0 
93053.0 	2230.0 
242988915.0 	1000000.0 
8230.0 	488.0 
1.0 	1.0 
22340.0 	776.0 
1.0 	1.0 
38.0 	14.0 
42.0 	12.0 
203.0 	48.0 
5473.0 	574.0 
11.0 	6.0 
1.0 	1.0 
142880.0 	2015.0 
1.0 	1.0 
86.0 	19.0 
1.0 	1.0 
21.0 	7.0 
10.0 	7.0 
157818498.0 	1000000.0 
168.0 	35.0 
1.0 	1.0 
31821.0 	804.0 
23830.0 	1147.0 
12.0 	7.0 
115.0 	27.0 
359027660.0 	1000000.0 
1.0 	1.0 
2.0 	2.0 
2.0 	2.0 
1.0 	1.0 
18.0 	11.0 
2.0 	2.0 
1.0 	1.0 
121.0 	36.0 
49318.0 	1877.0 
38.0 	15.0 
3905.0 	267.0 
561.0 	94.0 
4.0 	3.0 
3.0 	3.0 
1.0 	1.0 
1.0 	1.0 
159731412.0 	1000000.0 
69039.0 	1675.0 
15122.0 	516.0 
1.0 	1.0 
358136992.0 	1000000.0 
33.0 	18.0 
10.0 	6.0 
2.0 	2.0 
3.0 	3.0 
148811685.0 	1000000.0 
16.0 	7.0 
66.0 	24.0 
1.0 	1.0 
6.0 	5.0 
2.0 	2.0 
4.0 	3.0 
1.0 	1.0 
9.0 	6.0 
148523646.0 	1000000.0 
2.0 	2.0 
5.0 	4.0 
10.0 	5.0 
8.0 	6.0 
1.0 	1.0 
1.0 	1.0 
4.0 	4.0 
30.0 	13.0 
3.0 	2.0 
4.0 	3.0 
19.0 	8.0 
2.0 	2.0 
1.0 	1.0 
2.0 	2.0 
205.0 	41.0 
9.0 	7.0 
8204.0 	451.0 
3.0 	3.0 
9.0 	8.0 
6.0 	4.0 
16.0 	9.0 
14.0 	6.0 
144.0 	20.0 
2.0 	2.0 
27598.0 	2152.0 
979.0 	81.0 
1.0 	1.0 
35.0 	16.0 
8.0 	7.0 
148249299.0 	1000000.0 
322340817.0 	1000000.0 
14803.0 	1142.0 
161.0 	29.0 
1.0 	1.0 
34.0 	14.0 
5.0 	3.0 
18.0 	10.0 
492.0 	79.0 
3.0 	3.0 
5.0 	5.0 
6.0 	3.0 
349.0 	55.0 
4.0 	3.0 
1.0 	1.0 
2.0 	2.0 
1.0 	1.0 
1.0 	1.0 
1.0 	1.0 
2.0 	2.0 
147443925.0 	1000000.0 
12.0 	7.0 
1.0 	1.0 
13.0 	8.0 
1.0 	1.0 
358991592.0 	1000000.0 
4.0 	3.0 
360400770.0 	1000000.0 
2.0 	2.0 
359647053.0 	1000000.0 
19.0 	8.0 
3.0 	3.0 
1.0 	1.0 
2.0 	2.0 
43.0 	14.0 
9094.0 	732.0 
3.0 	2.0 
1.0 	1.0 
570.0 	95.0 
575.0 	59.0 
133.0 	32.0 
161173306.0 	1000000.0 
360622364.0 	1000000.0 
5.0 	4.0 
1.0 	1.0 
168323536.0 	1000000.0 
22.0 	8.0 
61.0 	15.0 
7.0 	6.0 
7.0 	6.0 
1.0 	1.0 
167266802.0 	1000000.0 
6.0 	5.0 
24.0 	10.0 
2.0 	2.0 
76.0 	16.0 
113.0 	39.0 
50.0 	12.0 
3.0 	2.0 
39.0 	11.0 
1926.0 	330.0 
50.0 	25.0 
26.0 	13.0 
8.0 	7.0 
149045724.0 	1000000.0 
1.0 	1.0 
148318574.0 	1000000.0 
1192.0 	171.0 
48.0 	19.0 
202400211.0 	1000000.0 
1.0 	1.0 
1.0 	1.0 
247.0 	51.0 
39.0 	21.0 
359201704.0 	1000000.0 
3.0 	3.0 
271282546.0 	1000000.0 
2.0 	2.0 
3.0 	3.0 
149435886.0 	1000000.0 
1.0 	1.0 
9.0 	7.0 
1.0 	1.0 
13392.0 	823.0 
1.0 	1.0 
8.0 	5.0 
2.0 	2.0 
359510645.0 	1000000.0 
13328.0 	783.0 
1.0 	1.0 
12.0 	6.0 
65.0 	17.0 
118.0 	27.0 
1.0 	1.0 
21.0 	10.0 
406.0 	62.0 
6.0 	5.0 
68.0 	29.0 
221023.0 	3216.0 
6.0 	4.0 
41756.0 	1959.0 
1.0 	1.0 
655.0 	101.0 
26.0 	12.0 
23.0 	9.0 
1.0 	1.0 
1.0 	1.0 
1.0 	1.0 
1.0 	1.0 
359932477.0 	1000000.0 
217.0 	47.0 
3.0 	2.0 
589.0 	107.0 
207.0 	52.0 
1.0 	1.0 
330.0 	89.0 
17.0 	8.0 
4.0 	3.0 
1.0 	1.0 
1.0 	1.0 
9.0 	7.0 
202357.0 	3434.0 
152147880.0 	1000000.0 
105.0 	26.0 
2.0 	2.0 
1.0 	1.0 
359881664.0 	1000000.0 
2.0 	2.0 
5.0 	4.0 
148468686.0 	1000000.0 
4.0 	4.0 
1.0 	1.0 
5.0 	3.0 
38.0 	17.0 
1.0 	1.0 
1.0 	1.0 
47.0 	21.0 
1.0 	1.0 
140.0 	41.0 
680291.0 	8325.0 
27998.0 	681.0 
1.0 	1.0 
6878.0 	313.0 
167259513.0 	1000000.0 
1.0 	1.0 
2.0 	2.0 
9.0 	4.0 
7.0 	6.0 
6.0 	5.0 
5.0 	4.0 
110.0 	31.0 
1.0 	1.0 
207423.0 	3574.0 
3.0 	3.0 
9734.0 	639.0 
17.0 	8.0 
5.0 	4.0 
1.0 	1.0 
179365.0 	2858.0 
6.0 	4.0 
359510704.0 	1000000.0 
148954974.0 	1000000.0 
2.0 	2.0 
1.0 	1.0 
3.0 	3.0 
148820359.0 	1000000.0 
1.0 	1.0 
3.0 	3.0 
1.0 	1.0 
115.0 	23.0 
148170821.0 	1000000.0 
4.0 	3.0 
137.0 	32.0 
396.0 	89.0 
1.0 	1.0 
2.0 	2.0 
2.0 	2.0 
2.0 	2.0 
1615.0 	142.0 
15.0 	9.0 
3.0 	2.0 
1.0 	1.0 
6.0 	6.0 
1.0 	1.0 
1.0 	1.0 
14.0 	8.0 
2.0 	2.0 
2.0 	2.0 
5225.0 	338.0 
359586767.0 	1000000.0 
6.0 	5.0 
114.0 	29.0 
44.0 	15.0 
1.0 	1.0 
305.0 	59.0 
191.0 	51.0 
4.0 	3.0 
5.0 	4.0 
1.0 	1.0 
59.0 	18.0 
1.0 	1.0 
40.0 	16.0 
220103781.0 	1000000.0 
1.0 	1.0 
1.0 	1.0 
2.0 	2.0 
11.0 	9.0 
2.0 	2.0 
13314.0 	793.0 
4.0 	4.0 
466.0 	57.0 
2.0 	2.0 
149522632.0 	1000000.0 
10.0 	6.0 
1.0 	1.0 
2.0 	2.0 
4.0 	3.0 
71.0 	26.0 
3.0 	2.0 
4.0 	3.0 
34.0 	14.0 
147259186.0 	1000000.0 
291420.0 	3405.0 
1.0 	1.0 
164.0 	41.0 
74872.0 	1356.0 
148413195.0 	1000000.0 
1.0 	1.0 
359709711.0 	1000000.0 
1.0 	1.0 
1.0 	1.0 
359548890.0 	1000000.0 
7.0 	6.0 
3.0 	3.0 
4.0 	3.0 
5.0 	3.0 
149135511.0 	1000000.0 
299.0 	55.0 
256.0 	59.0 
2.0 	2.0 
47.0 	13.0 
2296.0 	209.0 
3.0 	3.0 
79155.0 	1649.0 
2.0 	2.0 
195.0 	58.0 
57.0 	15.0 
2.0 	2.0 
75.0 	28.0 
1.0 	1.0 
2.0 	2.0 
10.0 	8.0 
2.0 	2.0 
1.0 	1.0 
19182.0 	384.0 
6.0 	3.0 
164147756.0 	1000000.0 
13.0 	9.0 
1.0 	1.0 
2.0 	2.0 
1.0 	1.0 
13.0 	7.0 
1.0 	1.0 
1.0 	1.0 
338139354.0 	1000000.0 
3.0 	3.0 
359935143.0 	1000000.0 
1.0 	1.0 
1.0 	1.0 
148612778.0 	1000000.0 
2.0 	2.0 
1.0 	1.0 
2.0 	2.0 
1.0 	1.0 
4.0 	3.0 
7.0 	5.0 
3.0 	2.0 
2.0 	2.0 
2.0 	2.0 
1.0 	1.0 
1.0 	1.0 
6.0 	4.0 
27.0 	11.0 
1.0 	1.0 
1.0 	1.0 
6.0 	5.0 
47.0 	21.0 
3.0 	3.0 
289059.0 	3692.0 
16.0 	7.0 
1261.0 	226.0 
1.0 	1.0 
150.0 	32.0 
6.0 	4.0 
1174.0 	179.0 
1.0 	1.0 
2.0 	2.0 
8.0 	4.0 
1.0 	1.0 
12960.0 	1049.0 
11901.0 	328.0 
52.0 	16.0 
28.0 	14.0 
167592913.0 	1000000.0 
17.0 	9.0 
1.0 	1.0 
348.0 	47.0 
6.0 	4.0 
1.0 	1.0 
1.0 	1.0 
590.0 	99.0 
27.0 	12.0 
6.0 	5.0 
2639.0 	238.0 
148165759.0 	1000000.0 
26.0 	16.0 
1.0 	1.0 
1.0 	1.0 
1.0 	1.0 
1.0 	1.0 
3.0 	3.0 
1.0 	1.0 
1.0 	1.0 
886.0 	132.0 
37.0 	13.0 
8.0 	6.0 
359955430.0 	1000000.0 
18.0 	10.0 
148058559.0 	1000000.0 
2.0 	2.0 
94.0 	26.0 
1.0 	1.0 
7.0 	5.0 
1.0 	1.0 
8.0 	7.0 
3.0 	2.0 
237.0 	51.0 
2.0 	2.0 
4.0 	3.0 
10.0 	5.0 
1.0 	1.0 
3.0 	2.0 
360375921.0 	1000000.0 
1.0 	1.0 
1.0 	1.0 
1.0 	1.0 
29.0 	16.0 
11.0 	8.0 
1.0 	1.0 
16.0 	8.0 
1.0 	1.0 
81.0 	26.0 
1.0 	1.0 
82.0 	17.0 
360521094.0 	1000000.0 
4596.0 	367.0 
4.0 	4.0 
2990.0 	480.0 
1.0 	1.0 
148957959.0 	1000000.0 
1.0 	1.0 
149002087.0 	1000000.0 
1.0 	1.0 
324.0 	62.0 
5.0 	5.0 
2.0 	2.0 
359948663.0 	1000000.0 
6.0 	5.0 
5658.0 	490.0 
87.0 	33.0 
148518222.0 	1000000.0 
3.0 	2.0 
204388170.0 	1000000.0 
4.0 	3.0 
3.0 	2.0 
1.0 	1.0 
12.0 	8.0 
19.0 	14.0 
2.0 	2.0 
1.0 	1.0 
54.0 	14.0 
15.0 	9.0 
29025.0 	1280.0 
148670406.0 	1000000.0 
1.0 	1.0 
1.0 	1.0 
147567604.0 	1000000.0 
1.0 	1.0 
13297.0 	1041.0 
359598317.0 	1000000.0 
1.0 	1.0 
63.0 	19.0 
9.0 	6.0 
16506.0 	747.0 
15.0 	10.0 
9.0 	8.0 
1.0 	1.0 
6.0 	4.0 
1.0 	1.0 
1.0 	1.0 
254.0 	43.0 
1.0 	1.0 
1.0 	1.0 
1.0 	1.0 
4.0 	4.0 
479.0 	52.0 
147660325.0 	1000000.0 
24.0 	14.0 
8.0 	4.0 
8.0 	5.0 
1.0 	1.0 
161550934.0 	1000000.0 
4.0 	3.0 
2.0 	2.0 
1.0 	1.0 
3.0 	2.0 
155155142.0 	1000000.0 
1.0 	1.0 
3.0 	3.0 
85.0 	16.0 
1901.0 	207.0 
1.0 	1.0 
525.0 	96.0 
151988500.0 	1000000.0 
1.0 	1.0 
25.0 	15.0 
17.0 	13.0 
5.0 	4.0 
165277330.0 	1000000.0 
3799.0 	176.0 
31326.0 	832.0 
7.0 	5.0 
10.0 	9.0 
121815.0 	4935.0 
1214.0 	185.0 
5.0 	4.0 
711.0 	80.0 
4.0 	3.0 
2.0 	2.0 
714.0 	83.0 
1.0 	1.0 
5292.0 	234.0 
286707.0 	3769.0 
359859446.0 	1000000.0 
4.0 	4.0 
5.0 	5.0 
1.0 	1.0 
10.0 	8.0 
1.0 	1.0 
49.0 	18.0 
8.0 	8.0 
2.0 	2.0 
337.0 	81.0 
13.0 	6.0 
174740.0 	2884.0 
2.0 	2.0 
149065283.0 	1000000.0 
1357.0 	233.0 
5.0 	4.0 
6.0 	4.0 
1.0 	1.0 
1.0 	1.0 
3.0 	2.0 
3.0 	3.0 
3.0 	3.0 
6.0 	6.0 
1.0 	1.0 
425.0 	88.0 
9.0 	6.0 
127330.0 	1822.0 
1.0 	1.0 
275.0 	48.0 
7.0 	3.0 
4.0 	3.0 
3.0 	2.0 
12.0 	7.0 
150926971.0 	1000000.0 
185.0 	52.0 
35.0 	15.0 
164442720.0 	1000000.0 
24.0 	13.0 
4.0 	3.0 
1.0 	1.0 
359641238.0 	1000000.0 
4301.0 	346.0 
109.0 	18.0 
1.0 	1.0 
4.0 	4.0 
79.0 	25.0 
2.0 	2.0 
105.0 	28.0 
534.0 	81.0 
39.0 	12.0 
18.0 	8.0 
156554538.0 	1000000.0 
2.0 	2.0 
1.0 	1.0 
5.0 	4.0 
2707.0 	333.0 
69.0 	19.0 
7157.0 	239.0 
502.0 	56.0 
8.0 	4.0 
2.0 	2.0 
2.0 	2.0 
1.0 	1.0 
73574156.0 	499888.0 
6.0 	4.0 
3.0 	2.0 
1.0 	1.0 
25.0 	12.0 
148508681.0 	1000000.0 
1.0 	1.0 
148036394.0 	1000000.0 
29.0 	11.0 
355.0 	75.0 
1.0 	1.0 
255841.0 	3437.0 
1.0 	1.0 
1610.0 	117.0 
20.0 	10.0 
6474.0 	514.0 
1.0 	1.0 
2.0 	2.0 
2.0 	2.0 
1.0 	1.0 
1.0 	1.0 
7.0 	3.0 
2.0 	2.0 
3.0 	3.0 
264.0 	60.0 
1.0 	1.0 
4.0 	4.0 
288622.0 	4643.0 
12.0 	8.0 
1.0 	1.0 
10.0 	6.0 
7.0 	6.0 
32.0 	18.0 
1.0 	1.0 
8.0 	5.0 
148333859.0 	1000000.0 
10.0 	7.0 
1.0 	1.0 
4.0 	4.0 
9.0 	4.0 
148908280.0 	1000000.0 
42.0 	14.0 
4.0 	4.0 
5.0 	4.0 
1.0 	1.0 
9.0 	5.0 
4.0 	2.0 
148109544.0 	1000000.0 
2.0 	2.0 
148443744.0 	1000000.0 
3.0 	2.0 
321.0 	72.0 
36.0 	17.0 
12.0 	8.0 
2.0 	2.0 
201.0 	37.0 
501567.0 	6858.0 
32.0 	18.0 
1039.0 	207.0 
2.0 	2.0 
1.0 	1.0 
270450388.0 	1000000.0 
3956.0 	204.0 
3.0 	3.0 
1.0 	1.0 
1126.0 	117.0 
15.0 	9.0 
186.0 	50.0 
3.0 	2.0 
163.0 	39.0 
2.0 	2.0 
2.0 	2.0 
212.0 	37.0 
65.0 	19.0 
4.0 	3.0 
8.0 	3.0 
250.0 	34.0 
3.0 	2.0 
284532.0 	4014.0 
3.0 	2.0 
1.0 	1.0 
2.0 	2.0 
3410.0 	264.0 
1.0 	1.0 
178622936.0 	1000000.0 
2.0 	2.0 
129254.0 	1863.0 
1.0 	1.0 
1.0 	1.0 
7261.0 	420.0 
5.0 	3.0 
36.0 	21.0 
191058.0 	3615.0 
7.0 	6.0 
7.0 	4.0 
7678.0 	260.0 
11.0 	5.0 
2.0 	2.0 
5.0 	5.0 
1783.0 	172.0 
4457.0 	282.0 
9513.0 	572.0 
290.0 	55.0 
148464521.0 	1000000.0 
5251.0 	445.0 
2.0 	2.0 
2.0 	2.0 
43.0 	16.0 
2.0 	2.0 
1.0 	1.0 
11718.0 	567.0 
12.0 	6.0 
9.0 	6.0 
2315.0 	244.0 
5531.0 	455.0 
6.0 	3.0 
97.0 	26.0 
148507529.0 	1000000.0 
1621.0 	194.0 
14.0 	7.0 
3.0 	2.0 
145.0 	35.0 
2.0 	2.0 
2.0 	2.0 
2.0 	2.0 
910.0 	199.0 
6.0 	5.0 
7.0 	4.0 
6.0 	4.0 
1.0 	1.0 
2.0 	2.0 
76592060.0 	516787.0 
22.0 	9.0 
582900.0 	7097.0 
348.0 	86.0 
1.0 	1.0 
2.0 	2.0 
9.0 	6.0 
1.0 	1.0 
8.0 	5.0 
11.0 	6.0 
3320.0 	217.0 
148672519.0 	1000000.0 
149021132.0 	1000000.0 
2.0 	2.0 
1.0 	1.0 
17.0 	10.0 
12.0 	5.0 
1.0 	1.0 
1964.0 	135.0 
5.0 	4.0 
346.0 	66.0 
4.0 	4.0 
7.0 	5.0 
2.0 	2.0 
1.0 	1.0 
1.0 	1.0 
28.0 	14.0 
2.0 	2.0 
6.0 	4.0 
3.0 	2.0 
4.0 	3.0 
3.0 	2.0 
1.0 	1.0 
5.0 	5.0 
1.0 	1.0 
8.0 	6.0 
17478.0 	750.0 
18.0 	13.0 
1.0 	1.0 
24.0 	13.0 
8.0 	6.0 
3.0 	2.0 
1.0 	1.0 
1.0 	1.0 
3.0 	2.0 
3.0 	3.0 
17.0 	6.0 
268.0 	54.0 
1.0 	1.0 
4878.0 	448.0 
13.0 	5.0 
8882.0 	510.0 
7.0 	5.0 
15.0 	8.0 
1.0 	1.0 
475.0 	104.0 
1.0 	1.0 
152775982.0 	1000000.0 
3.0 	2.0 
1.0 	1.0 
1.0 	1.0 
3.0 	2.0 
1.0 	1.0 
1.0 	1.0 
14.0 	6.0 
1.0 	1.0 
7.0 	4.0 
1.0 	1.0 
2.0 	2.0 
2.0 	2.0 
6.0 	5.0 
9.0 	4.0 
107.0 	42.0 
2.0 	2.0 
1.0 	1.0 
2.0 	2.0 
46.0 	13.0 
4.0 	3.0 
147906974.0 	1000000.0 
60.0 	21.0 
1168.0 	94.0 
1.0 	1.0 
7.0 	5.0 
357.0 	65.0 
2.0 	2.0 
9.0 	6.0 
1.0 	1.0 
16.0 	9.0 
8.0 	7.0 
148963616.0 	1000000.0 
148931086.0 	1000000.0 
1.0 	1.0 
216.0 	42.0 
825.0 	105.0 
1.0 	1.0 
148168035.0 	1000000.0 
1.0 	1.0 
73198.0 	3075.0 
5.0 	4.0 
4956.0 	222.0 
247.0 	68.0 
175.0 	41.0 
149462381.0 	1000000.0 
8.0 	5.0 
1.0 	1.0 
1.0 	1.0 
1.0 	1.0 
1.0 	1.0 
2.0 	2.0 
1.0 	1.0 
1.0 	1.0 
792.0 	86.0 
106.0 	40.0 
3.0 	2.0 
120.0 	30.0 
66.0 	22.0 
1.0 	1.0 
2.0 	2.0 
1.0 	1.0 
359166932.0 	1000000.0 
2.0 	2.0 
24.0 	9.0 
2.0 	2.0 
358.0 	68.0 
3.0 	3.0 
23734.0 	789.0 
128.0 	34.0 
7.0 	5.0 
360332567.0 	1000000.0 
184627.0 	2707.0 
148963958.0 	1000000.0 
1.0 	1.0 
3.0 	3.0 
1.0 	1.0 
17.0 	8.0 
1.0 	1.0 
78847.0 	3129.0 
8.0 	5.0 
1.0 	1.0 
1.0 	1.0 
2.0 	2.0 
4.0 	4.0 
192.0 	53.0 
2.0 	2.0 
250.0 	41.0 
1.0 	1.0 
1.0 	1.0 
1.0 	1.0 
11356.0 	500.0 
4196.0 	240.0 
19.0 	7.0 
159049776.0 	1000000.0 
189455100.0 	1000000.0 
3.0 	2.0 
63.0 	19.0 
2.0 	2.0 
2.0 	2.0 
1.0 	1.0 
1.0 	1.0 
10.0 	7.0 
4.0 	3.0 
645.0 	92.0 
3.0 	3.0 
3.0 	3.0 
11.0 	8.0 
10.0 	5.0 
81127997.0 	547847.0 
1.0 	1.0 
3.0 	2.0 
360347782.0 	1000000.0 
3.0 	3.0 
45.0 	14.0 
1769.0 	257.0 
221158538.0 	1000000.0 
2.0 	2.0 
1.0 	1.0 
419.0 	73.0 
4834.0 	275.0 
149228302.0 	1000000.0 
2.0 	2.0 
149163155.0 	1000000.0 
19.0 	9.0 
1.0 	1.0 
9.0 	8.0 
1.0 	1.0 
1.0 	1.0 
2.0 	2.0 
1.0 	1.0 
1.0 	1.0 
1.0 	1.0 
17941.0 	831.0 
512.0 	92.0 
3.0 	3.0 
118.0 	36.0 
1.0 	1.0 
138.0 	26.0 
1.0 	1.0 
1.0 	1.0 
9.0 	5.0 
1.0 	1.0 
148264581.0 	1000000.0 
7.0 	7.0 
2.0 	2.0 
111411063.0 	750795.0 
437.0 	98.0 
150936570.0 	1000000.0 
106854.0 	1936.0 
53592.0 	1262.0 
23.0 	13.0 
4.0 	4.0 
89.0 	29.0 
62.0 	20.0 
1.0 	1.0 
1.0 	1.0 
3.0 	3.0 
10.0 	6.0 
145.0 	52.0 
150213289.0 	1000000.0 
31.0 	19.0 
13.0 	9.0 
6.0 	5.0 
1.0 	1.0 
6.0 	4.0 
1229.0 	134.0 
663.0 	110.0 
1.0 	1.0 
107.0 	33.0 
1.0 	1.0 
1.0 	1.0 
2.0 	2.0 
34.0 	16.0 
1.0 	1.0 
3.0 	3.0 
2.0 	2.0 
284151.0 	4050.0 
15.0 	7.0 
1.0 	1.0 
34.0 	10.0 
3.0 	2.0 
1.0 	1.0 
6.0 	6.0 
149526848.0 	1000000.0 
16.0 	9.0 
455.0 	80.0 
24.0 	10.0 
360.0 	75.0 
1.0 	1.0 
5.0 	3.0 
213.0 	46.0 
144.0 	37.0 
1.0 	1.0 
119633.0 	2092.0 
7.0 	6.0 
1.0 	1.0 
1.0 	1.0 
461.0 	68.0 
33.0 	9.0 
773.0 	75.0 
14.0 	13.0 
411.0 	79.0 
10.0 	7.0 
189.0 	32.0 
2.0 	2.0 
10.0 	7.0 
35.0 	13.0 
1.0 	1.0 
34.0 	13.0 
137.0 	28.0 
10.0 	5.0 
48.0 	18.0 
1.0 	1.0 
1.0 	1.0 
5.0 	4.0 
4.0 	3.0 
1429.0 	132.0 
1.0 	1.0 
9.0 	3.0 
16.0 	8.0 
3.0 	2.0 
4.0 	4.0 
2.0 	2.0 
1.0 	1.0 
1.0 	1.0 
5.0 	5.0 
3.0 	2.0 
3.0 	3.0 
359773000.0 	1000000.0 
4.0 	3.0 
2.0 	2.0 
2.0 	2.0 
20129.0 	709.0 
2965.0 	203.0 
3.0 	2.0 
1.0 	1.0 
77.0 	28.0 
1.0 	1.0 
63810.0 	1454.0 
153823158.0 	1000000.0 
96.0 	33.0 
1.0 	1.0 
160819634.0 	1000000.0 
110178.0 	2110.0 
1.0 	1.0 
3.0 	3.0 
147748060.0 	1000000.0 
81.0 	33.0 
1427.0 	147.0 
31.0 	14.0 
35.0 	17.0 
359568220.0 	1000000.0 
1.0 	1.0 
1.0 	1.0 
7.0 	6.0 
106.0 	27.0 
10364.0 	456.0 
2.0 	2.0 
12.0 	7.0 
3.0 	3.0 
14231.0 	1148.0 
271293282.0 	1000000.0 
2.0 	2.0 
214.0 	27.0 
20.0 	10.0 
1.0 	1.0 
2.0 	2.0 
256763220.0 	1000000.0 
4.0 	3.0 
1.0 	1.0 
2.0 	2.0 
680804.0 	9765.0 
1.0 	1.0 
10.0 	7.0 
1412.0 	169.0 
3.0 	2.0 
1.0 	1.0 
17.0 	8.0 
2.0 	2.0 
651.0 	116.0 
148701206.0 	1000000.0 
1.0 	1.0 
3.0 	3.0 
11.0 	9.0 
2042.0 	184.0 
180.0 	35.0 
148835925.0 	1000000.0 
360217899.0 	1000000.0 
2.0 	2.0 
150484760.0 	1000000.0 
8.0 	5.0 
3.0 	3.0 
359717047.0 	1000000.0 
1.0 	1.0 
161773385.0 	1000000.0 
1.0 	1.0 
1.0 	1.0 
5.0 	4.0 
1.0 	1.0 
1993.0 	224.0 
1.0 	1.0 
6.0 	6.0 
1.0 	1.0 
393.0 	78.0 
9.0 	6.0 
1.0 	1.0 
453.0 	65.0 
15.0 	9.0 
2.0 	2.0 
41852.0 	1829.0 
2.0 	2.0 
308.0 	54.0 
16.0 	8.0 
241.0 	50.0 
6.0 	3.0 
1449.0 	110.0 
1.0 	1.0 
42.0 	13.0 
503.0 	97.0 
1.0 	1.0 
148780643.0 	1000000.0 
3.0 	2.0 
4.0 	2.0 
7.0 	6.0 
8.0 	6.0 
3.0 	3.0 
1.0 	1.0 
16.0 	11.0 
1.0 	1.0 
5.0 	4.0 
1.0 	1.0 
5.0 	4.0 
1.0 	1.0 
9.0 	7.0 
13.0 	8.0 
1.0 	1.0 
1.0 	1.0 
1.0 	1.0 
281.0 	41.0 
2923.0 	235.0 
4.0 	3.0 
48.0 	18.0 
3.0 	3.0 
14631.0 	576.0 
4.0 	3.0 
39.0 	18.0 
116.0 	33.0 
9.0 	8.0 
22.0 	10.0 
360046915.0 	1000000.0 
360701587.0 	1000000.0 
21.0 	12.0 
148907171.0 	1000000.0 
239030880.0 	1000000.0 
30.0 	18.0 
1.0 	1.0 
960.0 	146.0 
4.0 	3.0 
133.0 	19.0 
24898.0 	1418.0 
34.0 	14.0 
1.0 	1.0 
5.0 	4.0 
82.0 	22.0 
1.0 	1.0 
22.0 	8.0 
645.0 	147.0 
6.0 	3.0 
5.0 	3.0 
3.0 	3.0 
3.0 	2.0 
159380087.0 	1000000.0 
10.0 	7.0 
1.0 	1.0 
1.0 	1.0 
1.0 	1.0 
1.0 	1.0 
75.0 	29.0 
1.0 	1.0 
358972105.0 	1000000.0 
8.0 	5.0 
3.0 	3.0 
4.0 	4.0 
27985.0 	1271.0 
358695286.0 	1000000.0 
4.0 	3.0 
9109.0 	447.0 
5.0 	4.0 
61297.0 	1747.0 
3.0 	2.0 
5.0 	5.0 
15936.0 	982.0 
1.0 	1.0 
1.0 	1.0 
5.0 	3.0 
149015213.0 	1000000.0 
148587724.0 	1000000.0 
425.0 	98.0 
1.0 	1.0 
1.0 	1.0 
1.0 	1.0 
2.0 	2.0 
1.0 	1.0 
147468356.0 	1000000.0 
541.0 	107.0 
47072.0 	1057.0 
3892.0 	366.0 
80300.0 	3206.0 
1.0 	1.0 
1693.0 	132.0 
1.0 	1.0 
158452747.0 	1000000.0 
2.0 	2.0 
2.0 	2.0 
148825088.0 	1000000.0 
1.0 	1.0 
23.0 	10.0 
59.0 	15.0 
1152.0 	107.0 
1.0 	1.0 
1.0 	1.0 
6.0 	3.0 
1.0 	1.0 
30.0 	16.0 
427.0 	62.0 
2.0 	2.0 
6.0 	4.0 
18.0 	11.0 
1.0 	1.0 
9.0 	4.0 
10.0 	7.0 
1.0 	1.0 
4.0 	3.0 
79.0 	16.0 
658616.0 	7523.0 
846.0 	111.0 
271853107.0 	1000000.0 
148080755.0 	1000000.0 
7.0 	7.0 
1744.0 	250.0 
63.0 	14.0 
26830.0 	2003.0 
8.0 	5.0 
13235.0 	1024.0 
2.0 	2.0 
99.0 	26.0 
5.0 	4.0 
3.0 	3.0 
27.0 	12.0 
1.0 	1.0 
359260539.0 	1000000.0 
3.0 	3.0 
215181427.0 	1000000.0 
177.0 	44.0 
33.0 	13.0 
2.0 	2.0 
359964612.0 	1000000.0 
2.0 	2.0 
7045.0 	1428.0 
3.0 	2.0 
1.0 	1.0 
1.0 	1.0 
43.0 	17.0 
1.0 	1.0 
1.0 	1.0 
148951711.0 	1000000.0 
359330410.0 	1000000.0 
12.0 	6.0 
2.0 	2.0 
1.0 	1.0 
360203341.0 	1000000.0 
1.0 	1.0 
1.0 	1.0 
1.0 	1.0 
12.0 	7.0 
87.0 	25.0 
1.0 	1.0 
11.0 	7.0 
481.0 	93.0 
360472718.0 	1000000.0 
61.0 	16.0 
5.0 	4.0 
166901.0 	3995.0 
1.0 	1.0 
3.0 	3.0 
358848683.0 	1000000.0 
1134.0 	141.0 
6.0 	6.0 
6.0 	6.0 
50.0 	16.0 
5.0 	5.0 
5.0 	2.0 
14061.0 	575.0 
10157.0 	373.0 
1.0 	1.0 
359314045.0 	1000000.0 
1.0 	1.0 
35730.0 	1102.0 
1595.0 	229.0 
1.0 	1.0 
60.0 	15.0 
8.0 	4.0 
1.0 	1.0 
3.0 	2.0 
5.0 	5.0 
3.0 	2.0 
12.0 	6.0 
1.0 	1.0 
1.0 	1.0 
1.0 	1.0 
2.0 	2.0 
5.0 	4.0 
1.0 	1.0 
9.0 	7.0 
18.0 	9.0 
13.0 	10.0 
1.0 	1.0 
3.0 	3.0 
44.0 	15.0 
1.0 	1.0 
6706.0 	385.0 
3.0 	3.0 
359311807.0 	1000000.0 
359294737.0 	1000000.0 
2.0 	2.0 
148631555.0 	1000000.0 
39.0 	15.0 
11.0 	6.0 
5.0 	3.0 
1.0 	1.0 
2.0 	2.0 
1.0 	1.0 
68186.0 	1533.0 
621.0 	103.0 
3794.0 	335.0 
4.0 	3.0 
3.0 	3.0 
4.0 	4.0 
2.0 	2.0 
148213858.0 	1000000.0 
8.0 	5.0 
6.0 	4.0 
116449712.0 	781019.0 
1.0 	1.0 
1044.0 	189.0 
1.0 	1.0 
1.0 	1.0 
2795.0 	235.0 
148778578.0 	1000000.0 
33.0 	12.0 
4.0 	3.0 
1.0 	1.0 
23.0 	8.0 
4.0 	3.0 
383.0 	56.0 
31.0 	13.0 
10643.0 	491.0 
148724301.0 	1000000.0 
3.0 	3.0 
2983.0 	192.0 
1.0 	1.0 
38.0 	13.0 
18.0 	9.0 
1.0 	1.0 
1.0 	1.0 
1.0 	1.0 
2.0 	2.0 
15.0 	10.0 
1.0 	1.0 
3.0 	3.0 
209.0 	39.0 
1383.0 	117.0 
2.0 	2.0 
1.0 	1.0 
5.0 	5.0 
148526679.0 	1000000.0 
32.0 	16.0 
200695.0 	2542.0 
148021786.0 	1000000.0 
359231716.0 	1000000.0 
5.0 	4.0 
1.0 	1.0 
25.0 	9.0 
19.0 	6.0 
2.0 	2.0 
3316.0 	380.0 
1.0 	1.0 
187995628.0 	1000000.0 
6.0 	3.0 
18.0 	9.0 
1.0 	1.0 
5.0 	4.0 
1.0 	1.0 
1.0 	1.0 
1.0 	1.0 
2.0 	2.0 
15.0 	8.0 
1.0 	1.0 
3.0 	3.0 
151532555.0 	1000000.0 
19.0 	11.0 
1.0 	1.0 
24.0 	15.0 
996.0 	212.0 
11.0 	7.0 
1.0 	1.0 
14.0 	9.0 
14.0 	10.0 
4.0 	3.0 
148906507.0 	1000000.0 
153466166.0 	1000000.0 
68.0 	20.0 
1.0 	1.0 
3.0 	3.0 
3.0 	3.0 
115.0 	25.0 
6.0 	6.0 
1.0 	1.0 
52.0 	18.0 
1.0 	1.0 
3.0 	3.0 
6009.0 	361.0 
5.0 	4.0 
22.0 	9.0 
10.0 	7.0 
4.0 	3.0 
360135885.0 	1000000.0 
134.0 	27.0 
136.0 	25.0 
2636.0 	244.0 
11.0 	9.0 
15.0 	9.0 
1.0 	1.0 
5.0 	3.0 
128525071.0 	842218.0 
2.0 	2.0 
38.0 	20.0 
5.0 	3.0 
1.0 	1.0 
85.0 	19.0 
2.0 	2.0 
1.0 	1.0 
20.0 	9.0 
150.0 	30.0 
8.0 	7.0 
34.0 	14.0 
2.0 	2.0 
2.0 	2.0 
2.0 	2.0 
12903.0 	782.0 
3.0 	2.0 
1.0 	1.0 
1.0 	1.0 
3.0 	3.0 
6.0 	5.0 
7.0 	6.0 
1.0 	1.0 
936.0 	154.0 
118.0 	25.0 
293077264.0 	1000000.0 
105842457.0 	711977.0 
105.0 	22.0 
2.0 	2.0 
19.0 	10.0 
1.0 	1.0 
8.0 	4.0 
1.0 	1.0 
190115184.0 	1000000.0 
8.0 	5.0 
5.0 	4.0 
1.0 	1.0 
1.0 	1.0 
1.0 	1.0 
1.0 	1.0 
2.0 	2.0 
1.0 	1.0 
2.0 	2.0 
4.0 	4.0 
3.0 	3.0 
2.0 	2.0 
2.0 	2.0 
2.0 	2.0 
1.0 	1.0 
1.0 	1.0 
3.0 	3.0 
1.0 	1.0 
23708.0 	799.0 
3.0 	3.0 
4.0 	3.0 
11.0 	7.0 
22.0 	11.0 
1.0 	1.0 
86052.0 	1153.0 
189677.0 	2429.0 
1.0 	1.0 
1.0 	1.0 
262.0 	68.0 
41.0 	16.0 
1.0 	1.0 
99.0 	38.0 
12.0 	6.0 
1.0 	1.0 
1.0 	1.0 
2.0 	2.0 
3.0 	3.0 
1.0 	1.0 
4.0 	3.0 
67.0 	19.0 
1.0 	1.0 
36.0 	12.0 
152275009.0 	1000000.0 
1.0 	1.0 
29470.0 	695.0 
2.0 	2.0 
1.0 	1.0 
5.0 	4.0 
2576.0 	214.0 
2.0 	2.0 
2.0 	2.0 
557.0 	132.0 
1.0 	1.0 
230381960.0 	1000000.0 
359612385.0 	1000000.0 
295.0 	62.0 
598.0 	98.0 
255.0 	43.0 
1.0 	1.0 
3.0 	3.0 
147605057.0 	1000000.0 
1.0 	1.0 
158666.0 	2680.0 
1.0 	1.0 
8.0 	8.0 
152068623.0 	1000000.0 
34.0 	12.0 
10.0 	7.0 
2.0 	2.0 
5.0 	4.0 
2.0 	2.0 
160.0 	32.0 
148823728.0 	1000000.0 
1.0 	1.0 
9.0 	5.0 
3.0 	3.0 
1.0 	1.0 
30.0 	12.0 
149253432.0 	1000000.0 
158637835.0 	1000000.0 
150856864.0 	1000000.0 
1.0 	1.0 
2.0 	2.0 
116.0 	36.0 
1.0 	1.0 
41375.0 	1093.0 
181813202.0 	1000000.0 
269751037.0 	1000000.0 
21.0 	11.0 
165038432.0 	1000000.0 
50.0 	20.0 
1.0 	1.0 
11.0 	7.0 
1.0 	1.0 
4.0 	3.0 
1.0 	1.0 
148964348.0 	1000000.0 
1.0 	1.0 
5.0 	4.0 
7008.0 	423.0 
21.0 	10.0 
1.0 	1.0 
177744523.0 	1000000.0 
3.0 	3.0 
18996.0 	946.0 
1.0 	1.0 
109.0 	33.0 
1.0 	1.0 
7201.0 	347.0 
21091.0 	648.0 
4.0 	3.0 
1.0 	1.0 
1.0 	1.0 
73.0 	27.0 
10.0 	7.0 
9.0 	6.0 
2.0 	2.0 
13.0 	10.0 
35662.0 	924.0 
115497.0 	1915.0 
116.0 	25.0 
114.0 	35.0 
858.0 	91.0 
41.0 	13.0 
1.0 	1.0 
3905.0 	447.0 
90792.0 	1333.0 
148945788.0 	1000000.0 
3.0 	3.0 
2.0 	2.0 
229169065.0 	1000000.0 
3.0 	2.0 
2.0 	2.0 
3.0 	3.0 
1741.0 	161.0 
5504.0 	538.0 
153364706.0 	1000000.0 
2.0 	2.0 
10.0 	7.0 
147849054.0 	1000000.0 
326878152.0 	1000000.0 
147781529.0 	1000000.0 
99.0 	32.0 
1.0 	1.0 
1.0 	1.0 
3.0 	2.0 
3.0 	2.0 
20.0 	15.0 
1.0 	1.0 
160414169.0 	1000000.0 
1.0 	1.0 
2.0 	2.0 
3.0 	3.0 
3.0 	3.0 
1.0 	1.0 
874.0 	82.0 
1.0 	1.0 
49.0 	16.0 
112.0 	28.0 
14.0 	9.0 
11.0 	7.0 
1.0 	1.0 
3374.0 	285.0 
1.0 	1.0 
34.0 	13.0 
147480309.0 	1000000.0 
5.0 	4.0 
3.0 	2.0 
12770.0 	686.0 
1.0 	1.0 
24.0 	14.0 
6.0 	5.0 
9.0 	7.0 
138905647.0 	935005.0 
5470.0 	324.0 
388.0 	69.0 
54.0 	20.0 
5.0 	3.0 
320218599.0 	1000000.0 
4.0 	3.0 
8.0 	6.0 
1.0 	1.0 
358167136.0 	1000000.0 
3.0 	2.0 
1.0 	1.0 
175459964.0 	1000000.0 
1.0 	1.0 
3611.0 	411.0 
1663.0 	159.0 
11.0 	8.0 
1.0 	1.0 
1.0 	1.0 
268913126.0 	1000000.0 
16.0 	8.0 
605.0 	100.0 
23.0 	7.0 
1.0 	1.0 
3.0 	2.0 
234160567.0 	1000000.0 
195.0 	45.0 
2.0 	2.0 
1.0 	1.0 
1.0 	1.0 
3.0 	3.0 
195215181.0 	1000000.0 
135.0 	37.0 
55.0 	14.0 
359777144.0 	1000000.0 
32.0 	16.0 
5.0 	4.0 
1.0 	1.0 
1606.0 	342.0 
2.0 	2.0 
3.0 	2.0 
3.0 	3.0 
360211395.0 	1000000.0 
26.0 	11.0 
22.0 	12.0 
150120904.0 	1000000.0 
1.0 	1.0 
270304240.0 	1000000.0 
1.0 	1.0 
406.0 	108.0 
8.0 	5.0 
1.0 	1.0 
25.0 	11.0 
19.0 	17.0 
359148016.0 	1000000.0 
379.0 	48.0 
3.0 	2.0 
27.0 	15.0 
12.0 	8.0 
3.0 	2.0 
13.0 	11.0 
1.0 	1.0 
58981.0 	1067.0 
359458132.0 	1000000.0 
1.0 	1.0 
2.0 	2.0 
2.0 	2.0 
134.0 	23.0 
478.0 	78.0 
19.0 	8.0 
1.0 	1.0 
16.0 	9.0 
84.0 	18.0 
1.0 	1.0 
5.0 	3.0 
34.0 	12.0 
152377944.0 	1000000.0 
7.0 	7.0 
155467774.0 	1000000.0 
25.0 	10.0 
1.0 	1.0 
177.0 	26.0 
5.0 	4.0 
351377.0 	7794.0 
164.0 	39.0 
3.0 	2.0 
148151556.0 	1000000.0 
1.0 	1.0 
438.0 	108.0 
24.0 	10.0 
2.0 	2.0 
11.0 	8.0 
1.0 	1.0 
72.0 	24.0 
9.0 	5.0 
4.0 	4.0 
1.0 	1.0 
3.0 	3.0 
3.0 	3.0 
1.0 	1.0 
2.0 	2.0 
214.0 	42.0 
358873008.0 	1000000.0 
868.0 	71.0 
1.0 	1.0 
17.0 	9.0 
9.0 	7.0 
15.0 	11.0 
2.0 	2.0 
2492.0 	170.0 
1.0 	1.0 
2.0 	2.0 
83.0 	28.0 
6.0 	5.0 
1.0 	1.0 
1.0 	1.0 
1.0 	1.0 
1.0 	1.0 
9.0 	5.0 
29.0 	12.0 
12.0 	6.0 
21.0 	9.0 
148469027.0 	1000000.0 
2.0 	2.0 
148272787.0 	1000000.0 
1.0 	1.0 
433.0 	84.0 
148222394.0 	1000000.0 
1.0 	1.0 
3.0 	3.0 
1.0 	1.0 
1.0 	1.0 
449.0 	72.0 
9.0 	4.0 
2.0 	2.0 
2.0 	2.0 
3.0 	3.0 
30412.0 	2308.0 
34.0 	12.0 
3.0 	3.0 
2.0 	2.0 
2.0 	2.0 
3.0 	3.0 
1550.0 	196.0 
59.0 	22.0 
269.0 	46.0 
190005672.0 	1000000.0 
1.0 	1.0 
3.0 	2.0 
1.0 	1.0 
15537.0 	438.0 
1.0 	1.0 
92.0 	22.0 
1.0 	1.0 
1905.0 	283.0 
4105.0 	640.0 
757.0 	132.0 
25.0 	13.0 
28362.0 	832.0 
528.0 	71.0 
8.0 	6.0 
27.0 	14.0 
2.0 	2.0 
20.0 	11.0 
2.0 	2.0 
2277.0 	400.0 
5.0 	4.0 
1.0 	1.0 
3.0 	2.0 
1.0 	1.0 
6.0 	5.0 
127.0 	24.0 
1.0 	1.0 
359680159.0 	1000000.0 
358542928.0 	1000000.0 
1.0 	1.0 
308.0 	45.0 
6.0 	6.0 
263.0 	57.0 
41.0 	17.0 
7.0 	5.0 
2.0 	2.0 
5.0 	4.0 
1384.0 	93.0 
2.0 	2.0 
1.0 	1.0 
1.0 	1.0 
1.0 	1.0 
7.0 	5.0 
1.0 	1.0 
6.0 	4.0 
2.0 	2.0 
11.0 	10.0 
2.0 	2.0 
1.0 	1.0 
1.0 	1.0 
3.0 	2.0 
93720.0 	1686.0 
329.0 	49.0 
50981.0 	986.0 
2.0 	2.0 
222.0 	50.0 
1.0 	1.0 
3.0 	3.0 
230.0 	53.0 
1.0 	1.0 
37.0 	11.0 
126.0 	27.0 
1.0 	1.0 
1.0 	1.0 
2.0 	2.0 
569.0 	104.0 
254603639.0 	1000000.0 
1.0 	1.0 
359391404.0 	1000000.0 
209.0 	38.0 
4.0 	3.0 
1.0 	1.0 
1.0 	1.0 
1.0 	1.0 
1.0 	1.0 
1.0 	1.0 
61.0 	16.0 
1.0 	1.0 
5.0 	4.0 
1.0 	1.0 
148220364.0 	1000000.0 
151575645.0 	1000000.0 
6.0 	4.0 
1.0 	1.0 
4.0 	3.0 
2.0 	2.0 
1.0 	1.0 
11.0 	7.0 
1.0 	1.0 
3.0 	2.0 
531750.0 	10973.0 
1146.0 	106.0 
8.0 	5.0 
279.0 	57.0 
1.0 	1.0 
2.0 	2.0 
3.0 	3.0 
885.0 	111.0 
1.0 	1.0 
73.0 	23.0 
4.0 	3.0 
1.0 	1.0 
359715487.0 	1000000.0 
166852.0 	3855.0 
5.0 	4.0 
7.0 	4.0 
2.0 	2.0 
27.0 	10.0 
1.0 	1.0 
3.0 	2.0 
7.0 	5.0 
236.0 	43.0 
1.0 	1.0 
193.0 	40.0 
11.0 	7.0 
151550706.0 	1000000.0 
1.0 	1.0 
1.0 	1.0 
32.0 	16.0 
360284969.0 	1000000.0 
3.0 	3.0 
1.0 	1.0 
19.0 	11.0 
360609755.0 	1000000.0 
1.0 	1.0 
3.0 	3.0 
48335.0 	1248.0 
1.0 	1.0 
3.0 	3.0 
3.0 	3.0 
85.0 	43.0 
1.0 	1.0 
1.0 	1.0 
83738220.0 	562579.0 
11.0 	7.0 
2.0 	2.0 
578.0 	90.0 
23.0 	12.0 
5.0 	2.0 
32082.0 	881.0 
53.0 	29.0 
5.0 	3.0 
13657.0 	463.0 
5.0 	3.0 
1.0 	1.0 
20.0 	11.0 
1.0 	1.0 
1.0 	1.0 
226.0 	47.0 
1831.0 	134.0 
2.0 	2.0 
9.0 	6.0 
2.0 	2.0 
1.0 	1.0 
3.0 	3.0 
6.0 	4.0 
6.0 	4.0 
2.0 	2.0 
2.0 	2.0 
16.0 	7.0 
9.0 	8.0 
7.0 	6.0 
3.0 	2.0 
1.0 	1.0 
147966171.0 	1000000.0 
3.0 	3.0 
18770.0 	893.0 
45.0 	12.0 
1.0 	1.0 
359697257.0 	1000000.0 
155942808.0 	1000000.0 
1.0 	1.0 
111.0 	33.0 
1.0 	1.0 
1.0 	1.0 
2.0 	2.0 
2.0 	2.0 
9.0 	6.0 
2.0 	2.0 
1.0 	1.0 
7.0 	3.0 
84.0 	26.0 
6.0 	5.0 
148677761.0 	1000000.0 
337.0 	64.0 
4.0 	3.0 
1.0 	1.0 
21.0 	12.0 
16.0 	11.0 
1.0 	1.0 
1.0 	1.0 
2.0 	2.0 
1.0 	1.0 
1.0 	1.0 
66.0 	36.0 
6.0 	5.0 
2.0 	2.0 
43.0 	19.0 
11.0 	6.0 
183.0 	43.0 
232670485.0 	1000000.0 
491110.0 	6807.0 
10.0 	6.0 
860.0 	156.0 
2.0 	2.0 
10440.0 	517.0 
40.0 	16.0 
1.0 	1.0 
1.0 	1.0 
59.0 	19.0 
30.0 	11.0 
2.0 	2.0 
6.0 	4.0 
9069.0 	705.0 
3744.0 	294.0 
3.0 	3.0 
23091.0 	656.0 
2.0 	2.0 
1.0 	1.0 
12.0 	6.0 
13.0 	7.0 
2.0 	2.0 
296617742.0 	1000000.0 
148475845.0 	1000000.0 
1.0 	1.0 
1.0 	1.0 
283.0 	38.0 
14.0 	7.0 
1.0 	1.0 
147807291.0 	1000000.0 
4.0 	4.0 
15.0 	9.0 
1.0 	1.0 
1.0 	1.0 
2.0 	2.0 
1505.0 	283.0 
3.0 	2.0 
42226.0 	802.0 
5.0 	4.0 
359593095.0 	1000000.0 
1.0 	1.0 
1.0 	1.0 
85.0 	17.0 
148331278.0 	1000000.0 
148762559.0 	1000000.0 
2.0 	2.0 
9.0 	7.0 
27.0 	12.0 
773.0 	121.0 
369.0 	63.0 
1683.0 	91.0 
6.0 	4.0 
1.0 	1.0 
368.0 	67.0 
1348.0 	120.0 
3448.0 	295.0 
270512167.0 	1000000.0 
147955981.0 	1000000.0 
5.0 	4.0 
1.0 	1.0 
3.0 	3.0 
1.0 	1.0 
1.0 	1.0 
59.0 	23.0 
4.0 	4.0 
1.0 	1.0 
99.0 	25.0 
15.0 	10.0 
3.0 	2.0 
14060.0 	427.0 
4.0 	4.0 
13.0 	6.0 
1.0 	1.0 
7.0 	3.0 
2.0 	2.0 
2439.0 	178.0 
1.0 	1.0 
99.0 	25.0 
3.0 	3.0 
1.0 	1.0 
1.0 	1.0 
147243.0 	2525.0 
17.0 	9.0 
4.0 	4.0 
328.0 	64.0 
1926.0 	192.0 
1.0 	1.0 
359326833.0 	1000000.0 
1.0 	1.0 
1.0 	1.0 
62264.0 	1869.0 
1.0 	1.0 
334.0 	67.0 
225.0 	32.0 
3.0 	3.0 
13.0 	7.0 
148809700.0 	1000000.0 
148041152.0 	1000000.0 
1.0 	1.0 
1.0 	1.0 
15.0 	9.0 
11.0 	8.0 
16130.0 	622.0 
2.0 	2.0 
41873.0 	3353.0 
109.0 	38.0 
1.0 	1.0 
147394107.0 	1000000.0 
2.0 	2.0 
3.0 	2.0 
71.0 	26.0 
1.0 	1.0 
3.0 	3.0 
148828214.0 	1000000.0 
1.0 	1.0 
201787437.0 	1000000.0 
359416751.0 	1000000.0 
148059560.0 	1000000.0 
1.0 	1.0 
308.0 	50.0 
1.0 	1.0 
1.0 	1.0 
24.0 	15.0 
1.0 	1.0 
1.0 	1.0 
360498116.0 	1000000.0 
843.0 	154.0 
2.0 	2.0 
1.0 	1.0 
5.0 	4.0 
3.0 	3.0 
46.0 	23.0 
147974414.0 	1000000.0 
148545521.0 	1000000.0 
411.0 	71.0 
402.0 	78.0 
18.0 	11.0 
3.0 	3.0 
1.0 	1.0 
1.0 	1.0 
62.0 	24.0 
225.0 	36.0 
48.0 	21.0 
10.0 	7.0 
17.0 	10.0 
1.0 	1.0 
1.0 	1.0 
1.0 	1.0 
2.0 	2.0 
1305.0 	209.0 
24.0 	10.0 
49.0 	16.0 
5.0 	5.0 
1.0 	1.0 
62.0 	22.0 
152800469.0 	1000000.0 
2.0 	2.0 
3.0 	2.0 
1.0 	1.0 
2.0 	2.0 
2.0 	2.0 
1.0 	1.0 
151.0 	37.0 
2.0 	2.0 
1.0 	1.0 
76.0 	32.0 
8.0 	5.0 
385213.0 	5683.0 
89.0 	24.0 
2.0 	2.0 
10996.0 	472.0 
3.0 	2.0 
1.0 	1.0 
18.0 	8.0 
18.0 	10.0 
148805486.0 	1000000.0 
1.0 	1.0 
551.0 	63.0 
43549.0 	804.0 
3.0 	3.0 
358911267.0 	1000000.0 
1.0 	1.0 
148651063.0 	1000000.0 
4.0 	4.0 
360622464.0 	1000000.0 
1.0 	1.0 
1.0 	1.0 
655.0 	53.0 
1.0 	1.0 
1.0 	1.0 
2741.0 	214.0 
2.0 	2.0 
1.0 	1.0 
1.0 	1.0 
1.0 	1.0 
388.0 	50.0 
5.0 	4.0 
19.0 	8.0 
1.0 	1.0 
148605900.0 	1000000.0 
679.0 	110.0 
110865.0 	2705.0 
187.0 	23.0 
1.0 	1.0 
359487167.0 	1000000.0 
26.0 	12.0 
148997257.0 	1000000.0 
2.0 	2.0 
5.0 	4.0 
4.0 	4.0 
1.0 	1.0 
147715056.0 	1000000.0 
358927728.0 	1000000.0 
4444.0 	345.0 
6.0 	4.0 
3.0 	3.0 
2.0 	2.0 
22.0 	11.0 
2602.0 	535.0 
4.0 	4.0 
359787473.0 	1000000.0 
2.0 	2.0 
16.0 	10.0 
1.0 	1.0 
2.0 	2.0 
3.0 	3.0 
1.0 	1.0 
7.0 	6.0 
96.0 	21.0 
154900906.0 	1000000.0 
250.0 	28.0 
2.0 	2.0 
166631032.0 	1000000.0 
148412915.0 	1000000.0 
1.0 	1.0 
5.0 	4.0 
1.0 	1.0 
1.0 	1.0 
21.0 	9.0 
700036.0 	9542.0 
75.0 	26.0 
19.0 	9.0 
147193942.0 	1000000.0 
1.0 	1.0 
1.0 	1.0 
43705679.0 	280008.0 
15.0 	5.0 
66.0 	17.0 
1.0 	1.0 
171532432.0 	1000000.0 
1.0 	1.0 
2.0 	2.0 
1.0 	1.0 
1.0 	1.0 
7.0 	5.0 
1.0 	1.0 
5.0 	4.0 
3470.0 	172.0 
984.0 	124.0 
7.0 	5.0 
1.0 	1.0 
31.0 	18.0 
49.0 	19.0 
4.0 	3.0 
147911786.0 	1000000.0 
6.0 	4.0 
22802.0 	1796.0 
113937.0 	3043.0 
12.0 	8.0 
1.0 	1.0 
498.0 	113.0 
563.0 	73.0 
8.0 	7.0 
359383183.0 	1000000.0 
11.0 	7.0 
57.0 	17.0 
1.0 	1.0 
203.0 	41.0 
54.0 	10.0 
3.0 	2.0 
5492.0 	244.0 
2.0 	2.0 
1.0 	1.0 
2.0 	2.0 
166584516.0 	1000000.0 
153674055.0 	1000000.0 
157.0 	39.0 
1.0 	1.0 
1.0 	1.0 
1.0 	1.0 
402.0 	95.0 
230509649.0 	1000000.0 
5.0 	4.0 
95.0 	24.0 
359761605.0 	1000000.0 
34.0 	22.0 
149247235.0 	1000000.0 
6728.0 	521.0 
1.0 	1.0 
4.0 	3.0 
1.0 	1.0 
1.0 	1.0 
1.0 	1.0 
1.0 	1.0 
3.0 	3.0 
30805.0 	736.0 
1046.0 	148.0 
1138.0 	122.0 
2.0 	2.0 
2.0 	2.0 
1.0 	1.0 
61.0 	25.0 
1.0 	1.0 
148369417.0 	1000000.0 
1.0 	1.0 
1.0 	1.0 
1.0 	1.0 
490.0 	88.0 
5.0 	3.0 
24.0 	9.0 
5.0 	4.0 
1.0 	1.0 
3.0 	3.0 
139.0 	34.0 
1.0 	1.0 
19.0 	10.0 
358801539.0 	1000000.0 
1.0 	1.0 
4.0 	4.0 
4.0 	2.0 
2.0 	2.0 
41958.0 	958.0 
44.0 	13.0 
1.0 	1.0 
65.0 	19.0 
148813656.0 	1000000.0 
1.0 	1.0 
4.0 	4.0 
1.0 	1.0 
34.0 	16.0 
136.0 	29.0 
1947.0 	146.0 
163373281.0 	1000000.0 
1.0 	1.0 
148910475.0 	1000000.0 
2.0 	2.0 
70.0 	20.0 
4.0 	2.0 
65.0 	22.0 
3273.0 	224.0 
15.0 	8.0 
3.0 	2.0 
1.0 	1.0 
8.0 	6.0 
1.0 	1.0 
3.0 	3.0 
4.0 	3.0 
4.0 	3.0 
847.0 	91.0 
589.0 	80.0 
11.0 	8.0 
148368429.0 	1000000.0 
358571638.0 	1000000.0 
1005.0 	75.0 
1.0 	1.0 
229454181.0 	1000000.0 
5.0 	5.0 
4.0 	3.0 
491.0 	109.0 
5.0 	4.0 
600321.0 	7123.0 
45641.0 	740.0 
5.0 	4.0 
21.0 	11.0 
132.0 	37.0 
1216.0 	151.0 
2.0 	2.0 
173967739.0 	1000000.0 
1.0 	1.0 
108.0 	28.0 
358527032.0 	1000000.0 
1.0 	1.0 
2.0 	2.0 
8.0 	6.0 
11.0 	5.0 
1.0 	1.0 
1092565.0 	14307.0 
16527.0 	492.0 
167.0 	29.0 
149.0 	29.0 
3.0 	2.0 
38.0 	16.0 
215434.0 	5209.0 
49.0 	19.0 
149354685.0 	1000000.0 
2.0 	2.0 
2.0 	2.0 
58.0 	14.0 
1.0 	1.0 
424.0 	60.0 
147688340.0 	1000000.0 
167625707.0 	1000000.0 
28.0 	11.0 
1143.0 	125.0 
24.0 	11.0 
91.0 	35.0 
6.0 	4.0 
359634829.0 	1000000.0 
1.0 	1.0 
11990.0 	604.0 
3.0 	3.0 
149007535.0 	1000000.0 
1.0 	1.0 
1.0 	1.0 
1.0 	1.0 
2.0 	2.0 
190.0 	40.0 
1.0 	1.0 
1.0 	1.0 
7.0 	5.0 
4.0 	3.0 
1319.0 	92.0 
4.0 	3.0 
2.0 	2.0 
1.0 	1.0 
148830919.0 	1000000.0 
4.0 	3.0 
1.0 	1.0 
683.0 	154.0 
1.0 	1.0 
6.0 	4.0 
97.0 	22.0 
23.0 	10.0 
1.0 	1.0 
360599980.0 	1000000.0 
187.0 	36.0 
1.0 	1.0 
56.0 	22.0 
17.0 	9.0 
8.0 	4.0 
1.0 	1.0 
324888.0 	4246.0 
28.0 	19.0 
7231.0 	393.0 
1844.0 	149.0 
1.0 	1.0 
50.0 	20.0 
5673.0 	504.0 
1.0 	1.0 
72423.0 	1718.0 
576.0 	77.0 
148574964.0 	1000000.0 
1.0 	1.0 
259.0 	30.0 
148935054.0 	1000000.0 
1.0 	1.0 
1.0 	1.0 
76.0 	31.0 
14.0 	9.0 
148759984.0 	1000000.0 
161915802.0 	1000000.0 
111545.0 	1622.0 
3.0 	3.0 
870.0 	118.0 
1.0 	1.0 
184.0 	46.0 
158679344.0 	1000000.0 
3706.0 	365.0 
1.0 	1.0 
13825920.0 	93313.0 
290.0 	55.0 
11.0 	9.0 
223.0 	64.0 
1.0 	1.0 
1.0 	1.0 
3.0 	3.0 
1.0 	1.0 
1.0 	1.0 
2.0 	2.0 
566.0 	100.0 
1536.0 	113.0 
14.0 	5.0 
1.0 	1.0 
2.0 	2.0 
728.0 	80.0 
1.0 	1.0 
2.0 	2.0 
2.0 	2.0 
1.0 	1.0 
511.0 	99.0 
809.0 	111.0 
148326290.0 	1000000.0 
8.0 	6.0 
147855757.0 	1000000.0 
31.0 	15.0 
1.0 	1.0 
155541346.0 	1000000.0 
15.0 	7.0 
1709970.0 	23546.0 
9.0 	7.0 
3.0 	3.0 
2.0 	2.0 
11.0 	7.0 
1.0 	1.0 
1.0 	1.0 
3.0 	3.0 
793.0 	130.0 
3.0 	3.0 
31.0 	14.0 
842.0 	81.0 
7.0 	5.0 
7.0 	7.0 
4.0 	3.0 
148516342.0 	1000000.0 
26.0 	12.0 
10556.0 	332.0 
1.0 	1.0 
120.0 	32.0 
15.0 	7.0 
148145312.0 	1000000.0 
396.0 	72.0 
1.0 	1.0 
359822995.0 	1000000.0 
25.0 	16.0 
1.0 	1.0 
1.0 	1.0 
1.0 	1.0 
1.0 	1.0 
1.0 	1.0 
4.0 	3.0 
2.0 	2.0 
2.0 	2.0 
2.0 	2.0 
4.0 	4.0 
6.0 	4.0 
1.0 	1.0 
2.0 	2.0 
148835416.0 	1000000.0 
1.0 	1.0 
1.0 	1.0 
344.0 	56.0 
70.0 	18.0 
3.0 	3.0 
153188767.0 	1000000.0 
1.0 	1.0 
6.0 	4.0 
148331192.0 	1000000.0 
149397151.0 	1000000.0 
2.0 	2.0 
359851528.0 	1000000.0 
6.0 	4.0 
4.0 	4.0 
1.0 	1.0 
3.0 	3.0 
49.0 	20.0 
3.0 	3.0 
93193.0 	2176.0 
1.0 	1.0 
1.0 	1.0 
152731.0 	1932.0 
3.0 	3.0 
6.0 	4.0 
9478.0 	584.0 
12.0 	4.0 
58.0 	22.0 
1.0 	1.0 
13703.0 	670.0 
14.0 	6.0 
1.0 	1.0 
7.0 	4.0 
28.0 	14.0 
3.0 	2.0 
3.0 	2.0 
13.0 	7.0 
2.0 	2.0 
6.0 	4.0 
13.0 	7.0 
1491.0 	100.0 
52.0 	13.0 
2.0 	2.0 
359696542.0 	1000000.0 
77.0 	23.0 
2.0 	2.0 
1190.0 	142.0 
2.0 	2.0 
1.0 	1.0 
449.0 	92.0 
29677.0 	2246.0 
1.0 	1.0 
2.0 	2.0 
359830198.0 	1000000.0 
4431.0 	238.0 
1.0 	1.0 
3.0 	3.0 
359976689.0 	1000000.0 
12.0 	6.0 
174.0 	33.0 
280.0 	60.0 
2.0 	2.0 
1.0 	1.0 
89701.0 	1561.0 
5.0 	5.0 
360135740.0 	1000000.0 
1.0 	1.0 
12.0 	7.0 
1033.0 	165.0 
650.0 	64.0 
1.0 	1.0 
147317660.0 	1000000.0 
147865780.0 	1000000.0 
23280.0 	595.0 
82.0 	19.0 
56.0 	23.0 
3.0 	3.0 
24.0 	9.0 
79771.0 	1715.0 
148211136.0 	1000000.0 
1.0 	1.0 
1.0 	1.0 
11.0 	8.0 
14.0 	10.0 
1.0 	1.0 
1.0 	1.0 
4.0 	3.0 
1.0 	1.0 
225.0 	54.0 
178019.0 	2814.0 
177610.0 	3018.0 
1.0 	1.0 
3.0 	2.0 
1464.0 	149.0 
15.0 	8.0 
3.0 	3.0 
1.0 	1.0 
52540.0 	844.0 
131947.0 	1662.0 
205937492.0 	1000000.0 
3.0 	3.0 
87.0 	21.0 
4.0 	4.0 
147816037.0 	1000000.0 
10817.0 	335.0 
148410689.0 	1000000.0 
1.0 	1.0 
3.0 	3.0 
1.0 	1.0 
22908.0 	653.0 
148731166.0 	1000000.0 
30.0 	7.0 
1.0 	1.0 
12.0 	7.0 
1.0 	1.0 
6.0 	5.0 
4.0 	3.0 
359591344.0 	1000000.0 
1.0 	1.0 
1.0 	1.0 
4.0 	2.0 
791.0 	143.0 
63.0 	19.0 
300229.0 	3867.0 
5622.0 	537.0 
148516499.0 	1000000.0 
245.0 	42.0 
2.0 	2.0 
15.0 	8.0 
1.0 	1.0 
7.0 	6.0 
40.0 	11.0 
147978778.0 	1000000.0 
1.0 	1.0 
674.0 	126.0 
4.0 	4.0 
1.0 	1.0 
3.0 	3.0 
6.0 	3.0 
149343004.0 	1000000.0 
2.0 	2.0 
458.0 	75.0 
1.0 	1.0 
3.0 	2.0 
2.0 	2.0 
5.0 	3.0 
2.0 	2.0 
1062.0 	84.0 
693.0 	57.0 
2.0 	2.0 
4323.0 	249.0 
2.0 	2.0 
3.0 	3.0 
8.0 	7.0 
46.0 	16.0 
2507.0 	175.0 
1.0 	1.0 
1.0 	1.0 
335.0 	57.0 
1.0 	1.0 
46.0 	10.0 
2.0 	2.0 
166.0 	51.0 
1.0 	1.0 
1.0 	1.0 
27.0 	10.0 
3.0 	3.0 
9.0 	8.0 
31.0 	8.0 
8.0 	6.0 
42.0 	17.0 
105.0 	27.0 
34151348.0 	201552.0 
1.0 	1.0 
148346287.0 	1000000.0 
1730.0 	211.0 
1.0 	1.0 
2.0 	2.0 
5.0 	5.0 
2.0 	2.0 
23.0 	9.0 
53.0 	14.0 
359776186.0 	1000000.0 
1.0 	1.0 
149025920.0 	1000000.0 
1.0 	1.0 
1.0 	1.0 
136.0 	36.0 
149546388.0 	1000000.0 
219.0 	50.0 
1.0 	1.0 
1.0 	1.0 
1.0 	1.0 
1.0 	1.0 
4.0 	4.0 
7.0 	4.0 
1.0 	1.0 
36.0 	13.0 
4.0 	3.0 
2.0 	2.0 
3.0 	3.0 
25.0 	8.0 
148820805.0 	1000000.0 
43.0 	14.0 
173527.0 	2678.0 
11.0 	8.0 
1.0 	1.0 
148155942.0 	1000000.0 
1.0 	1.0 
1.0 	1.0 
1.0 	1.0 
45.0 	14.0 
1253.0 	204.0 
1.0 	1.0 
3.0 	3.0 
553.0 	89.0 
3.0 	3.0 
147934093.0 	1000000.0 
58.0 	13.0 
116.0 	25.0 
774.0 	118.0 
4.0 	3.0 
73.0 	27.0 
2.0 	2.0 
25.0 	12.0 
3483.0 	432.0 
1110.0 	152.0 
26.0 	10.0 
187632015.0 	1000000.0 
24364.0 	794.0 
1.0 	1.0 
4.0 	3.0 
10.0 	8.0 
2.0 	2.0 
515.0 	70.0 
31163.0 	648.0 
1.0 	1.0 
2.0 	2.0 
651.0 	88.0 
89.0 	25.0 
158406357.0 	1000000.0 
1.0 	1.0 
154489039.0 	1000000.0 
5.0 	4.0 
148927636.0 	1000000.0 
2.0 	2.0 
56.0 	14.0 
148348655.0 	1000000.0 
27381.0 	2149.0 
245710.0 	4862.0 
4.0 	3.0 
2.0 	2.0 
1.0 	1.0 
3.0 	2.0 
1.0 	1.0 
148779523.0 	1000000.0 
6.0 	4.0 
59.0 	22.0 
147866297.0 	1000000.0 
4.0 	3.0 
1.0 	1.0 
9.0 	6.0 
6.0 	5.0 
11.0 	5.0 
104.0 	34.0 
32392.0 	661.0 
76.0 	31.0 
3.0 	2.0 
1.0 	1.0 
28.0 	13.0 
360248293.0 	1000000.0 
36.0 	14.0 
1173.0 	131.0 
1.0 	1.0 
6852.0 	347.0 
90.0 	28.0 
4.0 	3.0 
358752268.0 	1000000.0 
1.0 	1.0 
220.0 	44.0 
830.0 	112.0 
148029954.0 	1000000.0 
4.0 	3.0 
156078677.0 	1000000.0 
4.0 	3.0 
3.0 	3.0 
4.0 	4.0 
359223895.0 	1000000.0 
256.0 	46.0 
1.0 	1.0 
148094992.0 	1000000.0 
1.0 	1.0 
4.0 	4.0 
359474271.0 	1000000.0 
1.0 	1.0 
359833351.0 	1000000.0 
17.0 	8.0 
358782668.0 	1000000.0 
8.0 	6.0 
149711457.0 	1000000.0 
3.0 	2.0 
2259.0 	246.0 
1.0 	1.0 
1.0 	1.0 
1130.0 	252.0 
19.0 	9.0 
2.0 	2.0 
1.0 	1.0 
64.0 	15.0 
1.0 	1.0 
19.0 	13.0 
1.0 	1.0 
1.0 	1.0 
16962.0 	605.0 
10.0 	6.0 
1.0 	1.0 
1.0 	1.0 
3.0 	3.0 
2834.0 	304.0 
1.0 	1.0 
1.0 	1.0 
61.0 	26.0 
16.0 	6.0 
303.0 	43.0 
35.0 	19.0 
1.0 	1.0 
5.0 	4.0 
288.0 	58.0 
1.0 	1.0 
166.0 	38.0 
3.0 	2.0 
3032.0 	344.0 
13.0 	8.0 
3.0 	3.0 
148686562.0 	1000000.0 
5346.0 	338.0 
1.0 	1.0 
1.0 	1.0 
86.0 	21.0 
1.0 	1.0 
168.0 	50.0 
359387687.0 	1000000.0 
2792.0 	171.0 
21.0 	13.0 
10.0 	5.0 
2.0 	2.0 
47.0 	14.0 
39.0 	19.0 
1.0 	1.0 
5.0 	4.0 
7.0 	4.0 
340.0 	60.0 
5.0 	4.0 
1.0 	1.0 
2.0 	2.0 
16.0 	12.0 
149.0 	40.0 
5.0 	4.0 
360149823.0 	1000000.0 
149274151.0 	1000000.0 
149260966.0 	1000000.0 
153562317.0 	1000000.0 
158341281.0 	1000000.0 
3.0 	3.0 
17.0 	9.0 
1.0 	1.0 
1.0 	1.0 
8.0 	5.0 
1.0 	1.0 
7982.0 	239.0 
1.0 	1.0 
5.0 	4.0 
8.0 	4.0 
5.0 	3.0 
424.0 	43.0 
87252.0 	1134.0 
44.0 	22.0 
3.0 	3.0 
14.0 	11.0 
18.0 	11.0 
9.0 	5.0 
3.0 	2.0 
1.0 	1.0 
1.0 	1.0 
338.0 	62.0 
222058704.0 	1000000.0 
1.0 	1.0 
3.0 	3.0 
1.0 	1.0 
7525.0 	438.0 
57272.0 	2222.0 
4445.0 	307.0 
148523877.0 	1000000.0 
4572.0 	211.0 
323.0 	55.0 
2.0 	2.0 
1.0 	1.0 
1.0 	1.0 
360333312.0 	1000000.0 
148869984.0 	1000000.0 
85.0 	29.0 
1.0 	1.0 
1.0 	1.0 
2.0 	2.0 
4.0 	4.0 
1.0 	1.0 
2.0 	2.0 
36.0 	16.0 
326.0 	61.0 
1.0 	1.0 
2.0 	2.0 
32.0 	16.0 
2444.0 	171.0 
648.0 	114.0 
11.0 	7.0 
385.0 	63.0 
1.0 	1.0 
1.0 	1.0 
3.0 	3.0 
1.0 	1.0 
18.0 	7.0 
2.0 	2.0 
47.0 	15.0 
1.0 	1.0 
20.0 	10.0 
14.0 	9.0 
1.0 	1.0 
23.0 	12.0 
5.0 	4.0 
19656.0 	915.0 
4.0 	2.0 
163.0 	36.0 
1223.0 	93.0 
14.0 	11.0 
1.0 	1.0 
221884179.0 	1000000.0 
1.0 	1.0 
352.0 	50.0 
4.0 	3.0 
13.0 	7.0 
2.0 	2.0 
147956200.0 	1000000.0 
153455509.0 	1000000.0 
5.0 	4.0 
1.0 	1.0 
48279.0 	1024.0 
119.0 	27.0 
6.0 	3.0 
3.0 	3.0 
59.0 	18.0 
147818766.0 	1000000.0 
3.0 	2.0 
26.0 	9.0 
2049.0 	264.0 
2.0 	2.0 
9.0 	7.0 
360276186.0 	1000000.0 
1.0 	1.0 
76.0 	22.0 
1.0 	1.0 
4.0 	3.0 
128561.0 	1867.0 
79.0 	22.0 
1.0 	1.0 
116.0 	26.0 
24.0 	9.0 
180.0 	50.0 
149863869.0 	1000000.0 
3.0 	3.0 
359264073.0 	1000000.0 
13.0 	7.0 
1.0 	1.0 
2.0 	2.0 
3381.0 	256.0 
33163.0 	786.0 
9.0 	5.0 
148565110.0 	1000000.0 
1.0 	1.0 
1.0 	1.0 
6.0 	6.0 
1.0 	1.0 
127242259.0 	859651.0 
20.0 	13.0 
1976.0 	148.0 
25.0 	16.0 
2.0 	2.0 
2.0 	2.0 
188035.0 	2306.0 
1.0 	1.0 
11.0 	8.0 
150.0 	21.0 
3.0 	2.0 
1.0 	1.0 
3.0 	3.0 
319.0 	70.0 
1.0 	1.0 
20321.0 	880.0 
2.0 	2.0 
1.0 	1.0 
5.0 	5.0 
32.0 	12.0 
9.0 	4.0 
1.0 	1.0 
342.0 	56.0 
1.0 	1.0 
149075554.0 	1000000.0 
7.0 	5.0 
3.0 	3.0 
155357768.0 	1000000.0 
1.0 	1.0 
115.0 	43.0 
1.0 	1.0 
1.0 	1.0 
3.0 	2.0 
187.0 	49.0 
2.0 	2.0 
1.0 	1.0 
44.0 	13.0 
1.0 	1.0 
1.0 	1.0 
1156.0 	87.0 
243.0 	45.0 
1.0 	1.0 
6.0 	5.0 
3.0 	2.0 
554.0 	55.0 
4.0 	3.0 
1.0 	1.0 
2.0 	2.0 
1.0 	1.0 
1.0 	1.0 
28024.0 	837.0 
1.0 	1.0 
1.0 	1.0 
4466.0 	286.0 
4.0 	3.0 
4.0 	4.0 
3.0 	2.0 
4.0 	3.0 
6628.0 	302.0 
145.0 	44.0 
1.0 	1.0 
6.0 	4.0 
254.0 	63.0 
1.0 	1.0 
278.0 	66.0 
10.0 	7.0 
1.0 	1.0 
1.0 	1.0 
1514.0 	249.0 
1.0 	1.0 
945.0 	120.0 
1.0 	1.0 
50168.0 	1171.0 
307.0 	57.0 
1.0 	1.0 
3.0 	3.0 
6.0 	5.0 
257.0 	78.0 
1.0 	1.0 
24.0 	11.0 
40.0 	21.0 
1.0 	1.0 
8.0 	6.0 
398289.0 	5781.0 
174312799.0 	1000000.0 
1.0 	1.0 
12.0 	8.0 
4.0 	4.0 
2.0 	2.0 
1958.0 	176.0 
3.0 	3.0 
12.0 	8.0 
2.0 	2.0 
17.0 	12.0 
2.0 	2.0 
359209550.0 	1000000.0 
1.0 	1.0 
71386.0 	2973.0 
148271113.0 	1000000.0 
1.0 	1.0 
9.0 	6.0 
150798421.0 	1000000.0 
18.0 	12.0 
3.0 	2.0 
43.0 	13.0 
2.0 	2.0 
185247253.0 	1000000.0 
4.0 	3.0 
325.0 	48.0 
5.0 	5.0 
19.0 	10.0 
26313.0 	2115.0 
1.0 	1.0 
59.0 	21.0 
360538975.0 	1000000.0 
12.0 	9.0 
2.0 	2.0 
1.0 	1.0 
1.0 	1.0 
1.0 	1.0 
4.0 	4.0 
1.0 	1.0 
503.0 	80.0 
612.0 	86.0 
148549709.0 	1000000.0 
2.0 	2.0 
1.0 	1.0 
4.0 	4.0 
3.0 	3.0 
5847.0 	457.0 
4877.0 	319.0 
156602711.0 	1000000.0 
2.0 	2.0 
73.0 	27.0 
50.0 	15.0 
57.0 	27.0 
360105534.0 	1000000.0 
1.0 	1.0 
9870.0 	771.0 
1.0 	1.0 
458.0 	99.0 
184.0 	32.0 
2.0 	2.0 
4099.0 	255.0 
1.0 	1.0 
740.0 	121.0 
5.0 	3.0 
1.0 	1.0 
12.0 	5.0 
3.0 	2.0 
228.0 	47.0 
258621299.0 	1000000.0 
434.0 	74.0 
271355168.0 	1000000.0 
95673.0 	2179.0 
148809939.0 	1000000.0 
2.0 	2.0 
149115790.0 	1000000.0 
148853758.0 	1000000.0 
148092369.0 	1000000.0 
3.0 	3.0 
1.0 	1.0 
1.0 	1.0 
2.0 	2.0 
358958812.0 	1000000.0 
1.0 	1.0 
1.0 	1.0 
17054.0 	866.0 
1.0 	1.0 
28.0 	9.0 
1.0 	1.0 
12.0 	6.0 
360049340.0 	1000000.0 
169.0 	35.0 
698.0 	122.0 
147796308.0 	1000000.0 
1.0 	1.0 
49.0 	16.0 
1.0 	1.0 
6309.0 	527.0 
4.0 	4.0 
41.0 	16.0 
19996.0 	651.0 
1.0 	1.0 
149194625.0 	1000000.0 
2.0 	2.0 
1.0 	1.0 
1.0 	1.0 
639.0 	81.0 
71.0 	24.0 
71.0 	18.0 
148875833.0 	1000000.0 
1086.0 	119.0 
1.0 	1.0 
4.0 	3.0 
20.0 	10.0 
541.0 	104.0 
10.0 	6.0 
5139.0 	391.0 
54.0 	18.0 
6.0 	5.0 
148589901.0 	1000000.0 
1.0 	1.0 
1.0 	1.0 
39324.0 	1739.0 
4.0 	2.0 
1.0 	1.0 
298.0 	71.0 
2.0 	2.0 
3909.0 	344.0 
4.0 	4.0 
1.0 	1.0 
11446.0 	878.0 
149774381.0 	1000000.0 
74.0 	24.0 
359570318.0 	1000000.0 
2.0 	2.0 
13466568.0 	90340.0 
1.0 	1.0 
4.0 	4.0 
20.0 	10.0 
8.0 	6.0 
1.0 	1.0 
26.0 	11.0 
79491.0 	1589.0 
1.0 	1.0 
2.0 	2.0 
9.0 	6.0 
1.0 	1.0 
3.0 	3.0 
12.0 	7.0 
1.0 	1.0 
131.0 	44.0 
1.0 	1.0 
359664693.0 	1000000.0 
25.0 	11.0 
19.0 	10.0 
1766.0 	146.0 
2.0 	2.0 
1.0 	1.0 
1.0 	1.0 
1.0 	1.0 
1.0 	1.0 
843.0 	60.0 
1.0 	1.0 
271404646.0 	1000000.0 
1.0 	1.0 
64.0 	21.0 
23.0 	10.0 
2.0 	2.0 
24.0 	10.0 
4222.0 	337.0 
2.0 	2.0 
150975.0 	2210.0 
1.0 	1.0 
1.0 	1.0 
1.0 	1.0 
28.0 	11.0 
1.0 	1.0 
2054.0 	159.0 
213.0 	38.0 
41.0 	18.0 
148298830.0 	1000000.0 
1.0 	1.0 
88305.0 	2215.0 
1.0 	1.0 
5.0 	5.0 
1.0 	1.0 
2.0 	2.0 
31.0 	9.0 
1.0 	1.0 
8.0 	6.0 
216.0 	40.0 
18.0 	10.0 
71.0 	26.0 
3.0 	3.0 
37674.0 	1195.0 
45.0 	20.0 
2.0 	2.0 
148219344.0 	1000000.0 
42.0 	13.0 
111.0 	30.0 
54930.0 	1624.0 
34.0 	14.0 
1.0 	1.0 
1.0 	1.0 
58.0 	18.0 
1.0 	1.0 
1.0 	1.0 
1834.0 	140.0 
1.0 	1.0 
161.0 	38.0 
1875.0 	205.0 
2.0 	2.0 
2.0 	2.0 
5.0 	5.0 
2.0 	2.0 
508728.0 	6313.0 
20.0 	9.0 
69566.0 	2287.0 
2.0 	2.0 
168444781.0 	1000000.0 
3.0 	3.0 
95.0 	30.0 
38837.0 	844.0 
2558.0 	216.0 
1.0 	1.0 
1.0 	1.0 
8.0 	6.0 
359607060.0 	1000000.0 
147273660.0 	1000000.0 
149743476.0 	1000000.0 
2.0 	2.0 
49.0 	12.0 
2.0 	2.0 
8.0 	4.0 
7391.0 	439.0 
94.0 	25.0 
7.0 	5.0 
10.0 	6.0 
169886510.0 	1000000.0 
4.0 	3.0 
3.0 	2.0 
2.0 	2.0 
197405.0 	3323.0 
1349.0 	213.0 
23635.0 	782.0 
1.0 	1.0 
360377458.0 	1000000.0 
1.0 	1.0 
5.0 	4.0 
1682.0 	151.0 
2.0 	2.0 
1.0 	1.0 
141.0 	31.0 
1.0 	1.0 
1.0 	1.0 
1.0 	1.0 
237.0 	67.0 
33.0 	16.0 
4.0 	4.0 
3.0 	3.0 
148477211.0 	1000000.0 
12.0 	8.0 
1.0 	1.0 
20727.0 	582.0 
46.0 	24.0 
2709.0 	327.0 
9.0 	5.0 
148265462.0 	1000000.0 
12.0 	9.0 
245.0 	79.0 
1.0 	1.0 
3.0 	2.0 
2.0 	2.0 
4.0 	2.0 
1.0 	1.0 
1.0 	1.0 
4.0 	3.0 
1.0 	1.0 
10.0 	9.0 
47198.0 	1912.0 
1.0 	1.0 
1.0 	1.0 
112.0 	24.0 
360318002.0 	1000000.0 
1.0 	1.0 
2.0 	2.0 
4.0 	3.0 
16.0 	6.0 
4.0 	4.0 
12.0 	6.0 
1.0 	1.0 
17.0 	13.0 
41.0 	22.0 
40.0 	22.0 
2.0 	2.0 
468.0 	107.0 
1.0 	1.0 
1.0 	1.0 
1.0 	1.0 
116820.0 	2619.0 
5.0 	5.0 
723.0 	110.0 
50.0 	20.0 
9.0 	5.0 
2.0 	2.0 
5.0 	4.0 
16231.0 	986.0 
7.0 	5.0 
11.0 	6.0 
1.0 	1.0 
56.0 	20.0 
266.0 	56.0 
1.0 	1.0 
4.0 	3.0 
253.0 	39.0 
847.0 	127.0 
2.0 	2.0 
1.0 	1.0 
6.0 	5.0 
1.0 	1.0 
13.0 	8.0 
226.0 	65.0 
1.0 	1.0 
3.0 	2.0 
15.0 	9.0 
21.0 	11.0 
359872462.0 	1000000.0 
1.0 	1.0 
148788394.0 	1000000.0 
360919289.0 	1000000.0 
148745118.0 	1000000.0 
1.0 	1.0 
3.0 	3.0 
1.0 	1.0 
9.0 	6.0 
2.0 	2.0 
374.0 	60.0 
25.0 	12.0 
1333.0 	225.0 
3.0 	3.0 
1.0 	1.0 
23.0 	18.0 
201.0 	50.0 
11.0 	7.0 
1.0 	1.0 
1.0 	1.0 
19.0 	11.0 
6.0 	4.0 
6.0 	5.0 
147760979.0 	1000000.0 
1.0 	1.0 
42.0 	14.0 
149554507.0 	1000000.0 
29071.0 	2260.0 
268808516.0 	1000000.0 
4.0 	4.0 
3.0 	3.0 
25.0 	15.0 
38785.0 	1812.0 
3.0 	3.0 
9.0 	6.0 
7.0 	5.0 
1.0 	1.0 
1.0 	1.0 
143.0 	25.0 
78.0 	28.0 
2.0 	2.0 
5.0 	3.0 
4.0 	3.0 
1.0 	1.0 
39294.0 	946.0 
112485.0 	1838.0 
53067.0 	1530.0 
2.0 	2.0 
2.0 	2.0 
1.0 	1.0 
6.0 	5.0 
1.0 	1.0 
2.0 	2.0 
1.0 	1.0 
1.0 	1.0 
7591.0 	599.0 
188902712.0 	1000000.0 
327207.0 	4593.0 
74.0 	29.0 
1335.0 	205.0 
2.0 	2.0 
148688176.0 	1000000.0 
587.0 	80.0 
60013.0 	1488.0 
1.0 	1.0 
4.0 	3.0 
230.0 	34.0 
16.0 	9.0 
148680329.0 	1000000.0 
10.0 	5.0 
1.0 	1.0 
13.0 	9.0 
35.0 	11.0 
3.0 	3.0 
10.0 	6.0 
13947461.0 	95761.0 
1.0 	1.0 
123676.0 	1858.0 
233.0 	44.0 
1.0 	1.0 
1.0 	1.0 
17.0 	7.0 
1.0 	1.0 
9.0 	4.0 
332.0 	53.0 
141.0 	37.0 
1.0 	1.0 
380.0 	66.0 
358644659.0 	1000000.0 
2.0 	2.0 
148329604.0 	1000000.0 
11.0 	6.0 
1.0 	1.0 
2.0 	2.0 
1.0 	1.0 
8.0 	6.0 
7.0 	6.0 
9.0 	9.0 
3.0 	3.0 
1.0 	1.0 
247.0 	46.0 
148302635.0 	1000000.0 
1.0 	1.0 
1.0 	1.0 
7.0 	5.0 
90.0 	26.0 
1.0 	1.0 
8.0 	5.0 
147669149.0 	1000000.0 
1.0 	1.0 
289364.0 	3773.0 
148024072.0 	1000000.0 
1.0 	1.0 
148780670.0 	1000000.0 
5.0 	5.0 
88.0 	29.0 
1.0 	1.0 
2.0 	2.0 
359269752.0 	1000000.0 
1.0 	1.0 
1597.0 	176.0 
48451.0 	2005.0 
10.0 	7.0 
1.0 	1.0 
1.0 	1.0 
3.0 	3.0 
1.0 	1.0 
151803751.0 	1000000.0 
5.0 	3.0 
4.0 	4.0 
359397155.0 	1000000.0 
191202984.0 	1000000.0 
1.0 	1.0 
1.0 	1.0 
195607.0 	2913.0 
7.0 	6.0 
1.0 	1.0 
3.0 	2.0 
1.0 	1.0 
1.0 	1.0 
9397.0 	468.0 
2.0 	2.0 
1.0 	1.0 
4.0 	3.0 
360175829.0 	1000000.0 
148342722.0 	1000000.0 
5.0 	3.0 
9.0 	5.0 
14.0 	6.0 
9.0 	5.0 
1.0 	1.0 
7.0 	5.0 
360668512.0 	1000000.0 
18.0 	12.0 
1.0 	1.0 
148946015.0 	1000000.0 
1.0 	1.0 
1.0 	1.0 
1.0 	1.0 
292010.0 	3843.0 
9086.0 	321.0 
1.0 	1.0 
3.0 	2.0 
1.0 	1.0 
9.0 	8.0 
6.0 	4.0 
188573.0 	4219.0 
287.0 	85.0 
3.0 	3.0 
12.0 	7.0 
297598932.0 	1000000.0 
584.0 	81.0 
161596151.0 	1000000.0 
1.0 	1.0 
6.0 	5.0 
2.0 	2.0 
5.0 	4.0 
1.0 	1.0 
4.0 	3.0 
4.0 	3.0 
1.0 	1.0 
71117.0 	1647.0 
65.0 	19.0 
1.0 	1.0 
16.0 	10.0 
1.0 	1.0 
73.0 	18.0 
2.0 	2.0 
2.0 	2.0 
303.0 	35.0 
6.0 	4.0 
17.0 	11.0 
148046401.0 	1000000.0 
2.0 	2.0 
356575408.0 	1000000.0 
5.0 	3.0 
6.0 	3.0 
6.0 	4.0 
1.0 	1.0 
9182.0 	499.0 
146.0 	37.0 
359470950.0 	1000000.0 
104.0 	34.0 
3.0 	2.0 
9.0 	5.0 
5.0 	4.0 
1.0 	1.0 
9.0 	7.0 
22.0 	11.0 
1.0 	1.0 
2.0 	2.0 
1.0 	1.0 
4.0 	4.0 
1.0 	1.0 
10.0 	6.0 
7234.0 	492.0 
9.0 	6.0 
2.0 	2.0 
157561527.0 	1000000.0 
1.0 	1.0 
8634.0 	712.0 
612.0 	144.0 
1629.0 	200.0 
21.0 	9.0 
1.0 	1.0 
148321248.0 	1000000.0 
2.0 	2.0 
2.0 	2.0 
2.0 	2.0 
4.0 	3.0 
360588383.0 	1000000.0 
1.0 	1.0 
1.0 	1.0 
6.0 	5.0 
2.0 	2.0 
153442.0 	2153.0 
51.0 	34.0 
6.0 	4.0 
21.0 	13.0 
103.0 	41.0 
2.0 	2.0 
34.0 	10.0 
4202.0 	294.0 
148430820.0 	1000000.0 
1.0 	1.0 
2.0 	2.0 
2.0 	2.0 
157508.0 	6027.0 
37.0 	21.0 
4.0 	3.0 
1.0 	1.0 
1.0 	1.0 
91.0 	28.0 
1.0 	1.0 
1.0 	1.0 
148389811.0 	1000000.0 
360848940.0 	1000000.0 
2980.0 	155.0 
1.0 	1.0 
4.0 	3.0 
1.0 	1.0 
114647.0 	2088.0 
3.0 	3.0 
148948732.0 	1000000.0 
160.0 	52.0 
819.0 	105.0 
1.0 	1.0 
2.0 	2.0 
13.0 	7.0 
1.0 	1.0 
2.0 	2.0 
2.0 	2.0 
9.0 	4.0 
152257689.0 	1000000.0 
20.0 	12.0 
2.0 	2.0 
4.0 	3.0 
37.0 	13.0 
45.0 	16.0 
2.0 	2.0 
154.0 	37.0 
10.0 	7.0 
1.0 	1.0 
1.0 	1.0 
2.0 	2.0 
1.0 	1.0 
2.0 	2.0 
8.0 	7.0 
1.0 	1.0 
1.0 	1.0 
205.0 	49.0 
10.0 	6.0 
1.0 	1.0 
1.0 	1.0 
1.0 	1.0 
42.0 	13.0 
10504.0 	848.0 
3.0 	3.0 
148605277.0 	1000000.0 
1.0 	1.0 
94.0 	35.0 
1.0 	1.0 
24702.0 	1069.0 
359517808.0 	1000000.0 
6.0 	5.0 
1113.0 	172.0 
3.0 	3.0 
359662831.0 	1000000.0 
148948211.0 	1000000.0 
2.0 	2.0 
1.0 	1.0 
1.0 	1.0 
2.0 	2.0 
4.0 	4.0 
1.0 	1.0 
148001529.0 	1000000.0 
1.0 	1.0 
31714463.0 	214113.0 
4.0 	4.0 
4.0 	4.0 
9.0 	7.0 
1.0 	1.0 
114.0 	45.0 
14.0 	9.0 
4.0 	3.0 
57.0 	14.0 
15.0 	7.0 
148262954.0 	1000000.0 
10.0 	6.0 
14.0 	6.0 
148885980.0 	1000000.0 
12.0 	5.0 
2.0 	2.0 
148523054.0 	1000000.0 
721.0 	80.0 
2.0 	2.0 
368.0 	70.0 
27.0 	13.0 
2.0 	2.0 
1.0 	1.0 
266.0 	60.0 
1.0 	1.0 
13148.0 	560.0 
2.0 	2.0 
1.0 	1.0 
52.0 	26.0 
167098160.0 	1000000.0 
2.0 	2.0 
8.0 	7.0 
7.0 	6.0 
1.0 	1.0 
21.0 	12.0 
764.0 	111.0 
15.0 	8.0 
1.0 	1.0 
4.0 	2.0 
1.0 	1.0 
880092.0 	10988.0 
5.0 	4.0 
1.0 	1.0 
7306.0 	243.0 
1612.0 	148.0 
2.0 	2.0 
20081.0 	598.0 
1.0 	1.0 
2.0 	2.0 
1.0 	1.0 
148134751.0 	1000000.0 
42668.0 	1808.0 
1.0 	1.0 
26.0 	12.0 
1.0 	1.0 
3.0 	3.0 
295.0 	51.0 
148964839.0 	1000000.0 
13.0 	7.0 
5.0 	3.0 
212273022.0 	1000000.0 
1.0 	1.0 
4.0 	3.0 
361259192.0 	1000000.0 
3.0 	3.0 
149473267.0 	1000000.0 
1696.0 	146.0 
149001772.0 	1000000.0 
1.0 	1.0 
162008390.0 	1000000.0 
2.0 	2.0 
39.0 	14.0 
1.0 	1.0 
1.0 	1.0 
3577.0 	745.0 
10.0 	7.0 
8.0 	5.0 
106990.0 	1519.0 
105.0 	28.0 
103.0 	31.0 
7876.0 	506.0 
47.0 	17.0 
1294.0 	148.0 
37612.0 	1580.0 
620.0 	97.0 
300.0 	49.0 
1.0 	1.0 
20.0 	8.0 
36698.0 	795.0 
2.0 	2.0 
7741.0 	448.0 
1.0 	1.0 
1.0 	1.0 
1.0 	1.0 
150646230.0 	1000000.0 
192546443.0 	1000000.0 
5.0 	5.0 
1.0 	1.0 
149160930.0 	1000000.0 
3869.0 	239.0 
2.0 	2.0 
4.0 	2.0 
1.0 	1.0 
2.0 	2.0 
1.0 	1.0 
1.0 	1.0 
148257228.0 	1000000.0 
2154.0 	251.0 
20.0 	10.0 
359913925.0 	1000000.0 
17.0 	9.0 
176.0 	42.0 
1.0 	1.0 
109564.0 	1764.0 
6.0 	5.0 
2.0 	2.0 
12.0 	9.0 
359397500.0 	1000000.0 
896.0 	126.0 
1.0 	1.0 
508700.0 	7325.0 
9742.0 	331.0 
88.0 	24.0 
153721035.0 	1000000.0 
495.0 	75.0 
81876.0 	1957.0 
11.0 	7.0 
2.0 	2.0 
1.0 	1.0 
3.0 	2.0 
28.0 	10.0 
473.0 	96.0 
1.0 	1.0 
1.0 	1.0 
3.0 	2.0 
160376961.0 	1000000.0 
5003.0 	353.0 
25.0 	11.0 
149175828.0 	1000000.0 
2.0 	2.0 
263.0 	43.0 
2.0 	2.0 
5.0 	4.0 
4.0 	4.0 
144.0 	43.0 
1.0 	1.0 
168.0 	42.0 
5.0 	3.0 
4831.0 	628.0 
1.0 	1.0 
488.0 	68.0 
1.0 	1.0 
2.0 	2.0 
148222567.0 	1000000.0 
24.0 	12.0 
147890652.0 	1000000.0 
35.0 	15.0 
2.0 	2.0 
1.0 	1.0 
4.0 	3.0 
1.0 	1.0 
360237753.0 	1000000.0 
6.0 	3.0 
149012207.0 	1000000.0 
223.0 	57.0 
2.0 	2.0 
1.0 	1.0 
11.0 	8.0 
5.0 	4.0 
455.0 	99.0 
2.0 	2.0 
148815625.0 	1000000.0 
989.0 	175.0 
540.0 	77.0 
1235.0 	143.0 
1.0 	1.0 
51.0 	19.0 
2.0 	2.0 
2.0 	2.0 
109.0 	28.0 
9.0 	6.0 
148054285.0 	1000000.0 
46.0 	18.0 
2.0 	2.0 
7.0 	5.0 
2.0 	2.0 
1.0 	1.0 
27.0 	12.0 
26268.0 	580.0 
44.0 	18.0 
2.0 	2.0 
18.0 	9.0 
1.0 	1.0 
148456761.0 	1000000.0 
84.0 	20.0 
1.0 	1.0 
9.0 	6.0 
14.0 	13.0 
580.0 	146.0 
24.0 	12.0 
1207.0 	119.0 
1.0 	1.0 
12.0 	5.0 
2.0 	2.0 
159174.0 	3836.0 
3123.0 	323.0 
1.0 	1.0 
3.0 	3.0 
359352917.0 	1000000.0 
2.0 	2.0 
39797.0 	1496.0 
2.0 	2.0 
36.0 	11.0 
1262.0 	151.0 
1.0 	1.0 
395.0 	88.0 
1813.0 	179.0 
1013.0 	150.0 
2.0 	2.0 
3.0 	3.0 
1.0 	1.0 
8354.0 	337.0 
2.0 	2.0 
42302.0 	828.0 
45.0 	16.0 
1.0 	1.0 
1.0 	1.0 
1.0 	1.0 
148699281.0 	1000000.0 
24826.0 	1939.0 
4.0 	4.0 
1.0 	1.0 
230792728.0 	1000000.0 
3.0 	3.0 
3.0 	2.0 
1145.0 	90.0 
152696267.0 	1000000.0 
146.0 	30.0 
1.0 	1.0 
3.0 	3.0 
1.0 	1.0 
90.0 	24.0 
2.0 	2.0 
14.0 	6.0 
38.0 	16.0 
1.0 	1.0 
1.0 	1.0 
10.0 	7.0 
2.0 	2.0 
1.0 	1.0 
7.0 	6.0 
3.0 	2.0 
1.0 	1.0 
1.0 	1.0 
1047.0 	138.0 
3.0 	2.0 
12.0 	7.0 
5.0 	5.0 
33028.0 	584.0 
148630645.0 	1000000.0 
1.0 	1.0 
211.0 	34.0 
1587.0 	172.0 
1.0 	1.0 
148588288.0 	1000000.0 
3.0 	3.0 
3.0 	3.0 
49.0 	18.0 
7.0 	4.0 
2.0 	2.0 
2.0 	2.0 
1.0 	1.0 
7.0 	5.0 
3.0 	2.0 
307.0 	54.0 
6.0 	4.0 
269345164.0 	1000000.0 
117.0 	28.0 
3.0 	2.0 
148214096.0 	1000000.0 
148302568.0 	1000000.0 
149140562.0 	1000000.0 
1.0 	1.0 
8.0 	6.0 
233.0 	45.0 
1.0 	1.0 
4.0 	3.0 
148415511.0 	1000000.0 
3.0 	3.0 
11197.0 	375.0 
359046671.0 	1000000.0 
1.0 	1.0 
3.0 	3.0 
2.0 	2.0 
196.0 	45.0 
33033.0 	634.0 
23.0 	8.0 
6.0 	5.0 
2.0 	2.0 
166477851.0 	1000000.0 
13.0 	8.0 
275.0 	66.0 
1.0 	1.0 
1.0 	1.0 
150155560.0 	1000000.0 
3.0 	2.0 
1.0 	1.0 
744.0 	104.0 
16.0 	7.0 
1.0 	1.0 
8.0 	4.0 
359953163.0 	1000000.0 
1.0 	1.0 
1.0 	1.0 
573.0 	125.0 
1.0 	1.0 
148657762.0 	1000000.0 
1.0 	1.0 
5.0 	3.0 
3.0 	3.0 
2.0 	2.0 
1.0 	1.0 
149204629.0 	1000000.0 
1.0 	1.0 
1.0 	1.0 
1.0 	1.0 
2.0 	2.0 
2.0 	2.0 
597.0 	82.0 
17.0 	14.0 
5.0 	4.0 
11.0 	7.0 
142.0 	35.0 
1.0 	1.0 
27.0 	9.0 
19.0 	12.0 
359395604.0 	1000000.0 
119.0 	33.0 
1.0 	1.0 
9.0 	4.0 
210.0 	40.0 
6.0 	5.0 
11.0 	7.0 
1199.0 	122.0 
8.0 	5.0 
307.0 	41.0 
292.0 	51.0 
17.0 	7.0 
161.0 	43.0 
1.0 	1.0 
5.0 	4.0 
2.0 	2.0 
8.0 	6.0 
1.0 	1.0 
1.0 	1.0 
2.0 	2.0 
252.0 	45.0 
1.0 	1.0 
3.0 	3.0 
632.0 	104.0 
2.0 	2.0 
1.0 	1.0 
1131.0 	109.0 
1.0 	1.0 
9.0 	7.0 
2.0 	2.0 
11.0 	8.0 
131.0 	43.0 
4.0 	4.0 
147381.0 	3476.0 
359248956.0 	1000000.0 
5.0 	4.0 
2271.0 	463.0 
2.0 	2.0 
143.0 	31.0 
1.0 	1.0 
6.0 	5.0 
1.0 	1.0 
19532.0 	551.0 
31.0 	15.0 
1.0 	1.0 
2.0 	2.0 
1.0 	1.0 
1.0 	1.0 
54.0 	22.0 
2.0 	2.0 
7.0 	5.0 
21.0 	15.0 
3.0 	2.0 
4.0 	4.0 
168700541.0 	1000000.0 
10.0 	5.0 
11.0 	7.0 
1.0 	1.0 
229.0 	29.0 
1.0 	1.0 
2.0 	2.0 
1.0 	1.0 
1.0 	1.0 
74.0 	30.0 
148305102.0 	1000000.0 
148732415.0 	1000000.0 
1.0 	1.0 
35.0 	12.0 
1.0 	1.0 
3.0 	2.0 
193240630.0 	1000000.0 
2.0 	2.0 
2.0 	2.0 
1723.0 	125.0 
1.0 	1.0 
359182174.0 	1000000.0 
1.0 	1.0 
1947.0 	295.0 
148700777.0 	1000000.0 
2.0 	2.0 
596.0 	70.0 
1.0 	1.0 
378.0 	60.0 
2313.0 	229.0 
51.0 	20.0 
3.0 	2.0 
1.0 	1.0 
4.0 	4.0 
1.0 	1.0 
5.0 	4.0 
1.0 	1.0 
7.0 	5.0 
495.0 	112.0 
24.0 	9.0 
1.0 	1.0 
8.0 	5.0 
910.0 	123.0 
73.0 	24.0 
5635.0 	584.0 
26803.0 	904.0 
1557.0 	246.0 
121.0 	43.0 
148935744.0 	1000000.0 
3.0 	3.0 
3.0 	3.0 
1.0 	1.0 
4.0 	3.0 
2.0 	2.0 
1.0 	1.0 
1.0 	1.0 
119.0 	27.0 
1.0 	1.0 
1832.0 	137.0 
61.0 	26.0 
461.0 	87.0 
1.0 	1.0 
2.0 	2.0 
6.0 	5.0 
1.0 	1.0 
13.0 	5.0 
1.0 	1.0 
3.0 	3.0 
4.0 	4.0 
57.0 	20.0 
2441.0 	122.0 
211014612.0 	1000000.0 
35092.0 	2649.0 
386.0 	83.0 
151615053.0 	1000000.0 
3.0 	2.0 
3.0 	3.0 
1.0 	1.0 
2.0 	2.0 
2.0 	2.0 
2.0 	2.0 
2.0 	2.0 
55.0 	15.0 
5015.0 	298.0 
2.0 	2.0 
1.0 	1.0 
31.0 	12.0 
1.0 	1.0 
5.0 	4.0 
358354885.0 	1000000.0 
1.0 	1.0 
3.0 	3.0 
1.0 	1.0 
8.0 	8.0 
3.0 	3.0 
3.0 	3.0 
2.0 	2.0 
1.0 	1.0 
369.0 	49.0 
17.0 	7.0 
77.0 	23.0 
3.0 	3.0 
1.0 	1.0 
1.0 	1.0 
138363.0 	3141.0 
1.0 	1.0 
24.0 	14.0 
149771207.0 	1000000.0 
198131837.0 	1000000.0 
9.0 	7.0 
8.0 	7.0 
2.0 	2.0 
1.0 	1.0 
1.0 	1.0 
29.0 	15.0 
7.0 	5.0 
1.0 	1.0 
9.0 	5.0 
5474.0 	456.0 
171262.0 	2543.0 
35282.0 	1081.0 
2134.0 	126.0 
78.0 	26.0 
681.0 	49.0 
148622592.0 	1000000.0 
54237.0 	920.0 
10.0 	8.0 
4.0 	4.0 
148092889.0 	1000000.0 
40.0 	16.0 
1.0 	1.0 
90.0 	20.0 
213.0 	66.0 
2.0 	2.0 
1.0 	1.0 
13.0 	6.0 
1.0 	1.0 
1.0 	1.0 
213672454.0 	1000000.0 
7.0 	3.0 
2.0 	2.0 
1.0 	1.0 
1.0 	1.0 
7.0 	5.0 
3.0 	3.0 
193.0 	34.0 
6.0 	5.0 
12.0 	6.0 
7.0 	5.0 
1804.0 	157.0 
1.0 	1.0 
148354775.0 	1000000.0 
1317.0 	153.0 
2.0 	2.0 
1.0 	1.0 
2.0 	2.0 
15.0 	11.0 
407.0 	79.0 
2.0 	2.0 
1.0 	1.0 
1.0 	1.0 
81.0 	19.0 
12.0 	5.0 
3.0 	3.0 
12.0 	5.0 
1.0 	1.0 
6.0 	4.0 
19.0 	7.0 
1.0 	1.0 
2.0 	2.0 
1.0 	1.0 
3.0 	3.0 
10.0 	7.0 
1.0 	1.0 
2.0 	2.0 
6.0 	5.0 
148959672.0 	1000000.0 
7.0 	5.0 
20511.0 	454.0 
380.0 	86.0 
2.0 	2.0 
1.0 	1.0 
17.0 	6.0 
6.0 	6.0 
3.0 	3.0 
358679257.0 	1000000.0 
3843.0 	372.0 
148741997.0 	1000000.0 
1.0 	1.0 
16.0 	7.0 
151390009.0 	1000000.0 
2.0 	2.0 
147915132.0 	1000000.0 
961386.0 	13651.0 
6.0 	4.0 
7.0 	3.0 
2.0 	2.0 
4859.0 	308.0 
11887.0 	329.0 
133.0 	46.0 
3455.0 	319.0 
1.0 	1.0 
3.0 	2.0 
70.0 	23.0 
77.0 	22.0 
100.0 	35.0 
10.0 	4.0 
4.0 	4.0 
57.0 	20.0 
1.0 	1.0 
55.0 	20.0 
96902.0 	1308.0 
200.0 	38.0 
73.0 	26.0 
2.0 	2.0 
1.0 	1.0 
9.0 	6.0 
1.0 	1.0 
1.0 	1.0 
210.0 	40.0 
149345151.0 	1000000.0 
9.0 	5.0 
377.0 	50.0 
205.0 	54.0 
2.0 	2.0 
44.0 	16.0 
369.0 	51.0 
4.0 	4.0 
1111.0 	150.0 
181.0 	40.0 
150.0 	32.0 
39.0 	19.0 
4.0 	3.0 
4.0 	3.0 
1.0 	1.0 
359711587.0 	1000000.0 
1.0 	1.0 
4.0 	3.0 
1.0 	1.0 
64.0 	29.0 
1.0 	1.0 
148460062.0 	1000000.0 
29819.0 	1366.0 
4.0 	2.0 
5.0 	3.0 
14.0 	7.0 
118149304.0 	766222.0 
147.0 	39.0 
1.0 	1.0 
3.0 	3.0 
1.0 	1.0 
1.0 	1.0 
1.0 	1.0 
1.0 	1.0 
32205.0 	2510.0 
1.0 	1.0 
5.0 	4.0 
4.0 	4.0 
1.0 	1.0 
1.0 	1.0 
4.0 	3.0 
7.0 	6.0 
6.0 	5.0 
2.0 	2.0 
9.0 	7.0 
1.0 	1.0 
1.0 	1.0 
1.0 	1.0 
1.0 	1.0 
1.0 	1.0 
20.0 	10.0 
1.0 	1.0 
1.0 	1.0 
5.0 	5.0 
1.0 	1.0 
1.0 	1.0 
72.0 	22.0 
2.0 	2.0 
3.0 	3.0 
3.0 	3.0 
25.0 	12.0 
2088.0 	310.0 
14.0 	7.0 
1.0 	1.0 
8.0 	4.0 
53.0 	23.0 
1.0 	1.0 
1.0 	1.0 
18569.0 	506.0 
148429432.0 	1000000.0 
216158032.0 	1000000.0 
22.0 	11.0 
1.0 	1.0 
3.0 	2.0 
2.0 	2.0 
3.0 	2.0 
174166.0 	2519.0 
844.0 	92.0 
35.0 	18.0 
3.0 	3.0 
13.0 	6.0 
158.0 	26.0 
14.0 	9.0 
199.0 	45.0 
1.0 	1.0 
160.0 	36.0 
5.0 	5.0 
2.0 	2.0 
570.0 	99.0 
1.0 	1.0 
49.0 	16.0 
3.0 	3.0 
2.0 	2.0 
33.0 	12.0 
505.0 	90.0 
33.0 	18.0 
390.0 	42.0 
91870.0 	1644.0 
284.0 	44.0 
480203.0 	5987.0 
2.0 	2.0 
76.0 	19.0 
103.0 	30.0 
30.0 	12.0 
7.0 	5.0 
1.0 	1.0 
2.0 	2.0 
13812.0 	478.0 
1.0 	1.0 
1111447.0 	14034.0 
2946.0 	271.0 
296.0 	44.0 
1.0 	1.0 
1.0 	1.0 
89.0 	25.0 
1.0 	1.0 
1.0 	1.0 
359652246.0 	1000000.0 
18.0 	12.0 
2.0 	2.0 
12.0 	8.0 
1.0 	1.0 
155560907.0 	1000000.0 
5.0 	4.0 
201767.0 	2915.0 
15.0 	5.0 
1.0 	1.0 
12.0 	9.0 
12.0 	7.0 
1.0 	1.0 
695.0 	114.0 
341529028.0 	1000000.0 
148278761.0 	1000000.0 
1.0 	1.0 
1.0 	1.0 
2.0 	2.0 
1.0 	1.0 
3700.0 	287.0 
1.0 	1.0 
194.0 	34.0 
2.0 	2.0 
148837351.0 	1000000.0 
13.0 	5.0 
1.0 	1.0 
1.0 	1.0 
34.0 	18.0 
120148.0 	4657.0 
1.0 	1.0 
9.0 	6.0 
148951474.0 	1000000.0 
11.0 	7.0 
3.0 	3.0 
179.0 	45.0 
1.0 	1.0 
29.0 	16.0 
12.0 	6.0 
20.0 	10.0 
1.0 	1.0 
4621.0 	194.0 
2.0 	2.0 
694.0 	110.0 
155950.0 	2862.0 
8132.0 	488.0 
1.0 	1.0 
316.0 	71.0 
1.0 	1.0 
1.0 	1.0 
6.0 	4.0 
1.0 	1.0 
1.0 	1.0 
13.0 	7.0 
2.0 	2.0 
1.0 	1.0 
293.0 	33.0 
28.0 	14.0 
1.0 	1.0 
1.0 	1.0 
1.0 	1.0 
112.0 	32.0 
12.0 	6.0 
15.0 	8.0 
63193.0 	1259.0 
1.0 	1.0 
1.0 	1.0 
10.0 	8.0 
3.0 	3.0 
277.0 	56.0 
1.0 	1.0 
22392.0 	1728.0 
201.0 	43.0 
147996696.0 	1000000.0 
1.0 	1.0 
7645.0 	372.0 
14118.0 	1170.0 
24654.0 	751.0 
4.0 	3.0 
29.0 	8.0 
359879999.0 	1000000.0 
11.0 	10.0 
1.0 	1.0 
22.0 	13.0 
359454463.0 	1000000.0 
165697.0 	3986.0 
7.0 	7.0 
4.0 	2.0 
1.0 	1.0 
39817.0 	1119.0 
147697682.0 	1000000.0 
2.0 	2.0 
2.0 	2.0 
208047064.0 	1000000.0 
1.0 	1.0 
148788009.0 	1000000.0 
2.0 	2.0 
6.0 	5.0 
2.0 	2.0 
3.0 	2.0 
15.0 	11.0 
1.0 	1.0 
1437.0 	237.0 
158501677.0 	1000000.0 
148432221.0 	1000000.0 
13.0 	7.0 
148012598.0 	1000000.0 
16.0 	8.0 
1.0 	1.0 
1.0 	1.0 
87.0 	21.0 
159103532.0 	1000000.0 
1.0 	1.0 
114.0 	31.0 
35.0 	11.0 
745.0 	84.0 
2.0 	2.0 
3.0 	3.0 
1.0 	1.0 
1.0 	1.0 
12.0 	11.0 
149753420.0 	1000000.0 
3.0 	3.0 
88.0 	27.0 
148530726.0 	1000000.0 
3.0 	3.0 
738.0 	93.0 
5.0 	4.0 
136598.0 	2219.0 
76.0 	19.0 
13.0 	8.0 
13.0 	9.0 
358.0 	46.0 
3.0 	2.0 
1.0 	1.0 
17.0 	5.0 
1.0 	1.0 
1311.0 	227.0 
295.0 	38.0 
32.0 	13.0 
10291.0 	605.0 
2.0 	2.0 
24.0 	7.0 
79.0 	18.0 
55.0 	16.0 
1.0 	1.0 
4.0 	4.0 
5.0 	4.0 
1.0 	1.0 
4.0 	3.0 
1.0 	1.0 
1.0 	1.0 
1.0 	1.0 
6.0 	4.0 
23.0 	14.0 
3254.0 	177.0 
22.0 	10.0 
8.0 	5.0 
10.0 	6.0 
358979669.0 	1000000.0 
4.0 	3.0 
359910669.0 	1000000.0 
3.0 	3.0 
2.0 	2.0 
2.0 	2.0 
68.0 	16.0 
10.0 	6.0 
1.0 	1.0 
7.0 	4.0 
39.0 	15.0 
1.0 	1.0 
1.0 	1.0 
1.0 	1.0 
202440922.0 	1000000.0 
2.0 	2.0 
6.0 	3.0 
11.0 	6.0 
25.0 	9.0 
190595364.0 	1000000.0 
6.0 	5.0 
11.0 	9.0 
1.0 	1.0 
79.0 	29.0 
16.0 	11.0 
360830209.0 	1000000.0 
1.0 	1.0 
3.0 	3.0 
1.0 	1.0 
840.0 	122.0 
10.0 	6.0 
2.0 	2.0 
46.0 	17.0 
148388554.0 	1000000.0 
149300110.0 	1000000.0 
4.0 	3.0 
208583.0 	5737.0 
7.0 	5.0 
5.0 	4.0 
103.0 	21.0 
7.0 	3.0 
42856.0 	1806.0 
379.0 	47.0 
106.0 	24.0 
2637.0 	291.0 
1.0 	1.0 
2.0 	2.0 
493.0 	99.0 
19.0 	11.0 
2.0 	2.0 
5.0 	4.0 
138290.0 	3416.0 
262.0 	49.0 
1.0 	1.0 
5.0 	5.0 
148224845.0 	1000000.0 
6363.0 	293.0 
3.0 	3.0 
1.0 	1.0 
3.0 	3.0 
260303743.0 	1000000.0 
1.0 	1.0 
1278545.0 	14324.0 
148084090.0 	1000000.0 
1.0 	1.0 
3.0 	2.0 
7.0 	4.0 
2.0 	2.0 
6.0 	5.0 
1399.0 	151.0 
125.0 	41.0 
1.0 	1.0 
1.0 	1.0 
3.0 	2.0 
133.0 	32.0 
4.0 	4.0 
13652.0 	711.0 
1.0 	1.0 
2.0 	2.0 
1786.0 	144.0 
18.0 	9.0 
147682928.0 	1000000.0 
91.0 	23.0 
33.0 	13.0 
3.0 	2.0 
1.0 	1.0 
1.0 	1.0 
842.0 	92.0 
1022.0 	119.0 
2.0 	2.0 
734005.0 	9319.0 
48.0 	15.0 
2.0 	2.0 
19.0 	8.0 
8.0 	6.0 
1.0 	1.0 
148399670.0 	1000000.0 
2.0 	2.0 
7.0 	4.0 
158687550.0 	1000000.0 
6.0 	5.0 
121.0 	27.0 
147752423.0 	1000000.0 
333.0 	53.0 
25.0 	12.0 
5.0 	3.0 
3.0 	3.0 
13.0 	6.0 
359087603.0 	1000000.0 
162670243.0 	1000000.0 
14.0 	6.0 
1.0 	1.0 
360000598.0 	1000000.0 
1.0 	1.0 
120.0 	40.0 
33.0 	18.0 
10673.0 	597.0 
2.0 	2.0 
1.0 	1.0 
13.0 	7.0 
359.0 	49.0 
1.0 	1.0 
2.0 	2.0 
8.0 	6.0 
8.0 	5.0 
8.0 	4.0 
7.0 	5.0 
2.0 	2.0 
1563.0 	188.0 
10.0 	7.0 
1.0 	1.0 
203774675.0 	1000000.0 
2128.0 	441.0 
2053.0 	118.0 
63837.0 	975.0 
2.0 	2.0 
4.0 	4.0 
18.0 	8.0 
2.0 	2.0 
21.0 	8.0 
1.0 	1.0 
6.0 	4.0 
4.0 	4.0 
303.0 	74.0 
1.0 	1.0 
68.0 	30.0 
230.0 	69.0 
1298.0 	114.0 
23.0 	9.0 
44.0 	17.0 
11.0 	8.0 
12.0 	5.0 
2.0 	2.0 
1230.0 	137.0 
24.0 	14.0 
1.0 	1.0 
6.0 	4.0 
9.0 	4.0 
2.0 	2.0 
1.0 	1.0 
53.0 	25.0 
6.0 	4.0 
77.0 	26.0 
1.0 	1.0 
2.0 	2.0 
18.0 	8.0 
12.0 	7.0 
3.0 	3.0 
49914.0 	1072.0 
1.0 	1.0 
451.0 	74.0 
359505894.0 	1000000.0 
17.0 	10.0 
1.0 	1.0 
3.0 	3.0 
73653.0 	1791.0 
359794751.0 	1000000.0 
1.0 	1.0 
1.0 	1.0 
149101414.0 	1000000.0 
540.0 	81.0 
18.0 	8.0 
2.0 	2.0 
1.0 	1.0 
1.0 	1.0 
1.0 	1.0 
1.0 	1.0 
147799645.0 	1000000.0 
5.0 	3.0 
2.0 	2.0 
1719.0 	208.0 
114.0 	26.0 
9.0 	5.0 
12.0 	7.0 
2.0 	2.0 
1.0 	1.0 
218.0 	51.0 
6.0 	5.0 
413132.0 	5326.0 
359488014.0 	1000000.0 
7.0 	7.0 
1.0 	1.0 
133.0 	34.0 
15.0 	8.0 
1.0 	1.0 
147813493.0 	1000000.0 
5.0 	4.0 
44.0 	16.0 
210289222.0 	1000000.0 
953.0 	158.0 
2.0 	2.0 
247.0 	94.0 
14.0 	9.0 
359608021.0 	1000000.0 
101.0 	39.0 
1.0 	1.0 
11.0 	7.0 
1.0 	1.0 
1.0 	1.0 
2.0 	2.0 
6.0 	4.0 
1.0 	1.0 
11.0 	6.0 
1.0 	1.0 
2.0 	2.0 
1.0 	1.0 
1.0 	1.0 
12.0 	9.0 
1056.0 	182.0 
1.0 	1.0 
1.0 	1.0 
1.0 	1.0 
1.0 	1.0 
1.0 	1.0 
1547.0 	276.0 
4.0 	3.0 
2.0 	2.0 
147781981.0 	1000000.0 
3.0 	2.0 
5.0 	3.0 
37.0 	12.0 
1.0 	1.0 
12.0 	7.0 
1.0 	1.0 
16.0 	6.0 
12.0 	7.0 
1.0 	1.0 
62.0 	18.0 
8.0 	5.0 
1.0 	1.0 
29.0 	12.0 
1.0 	1.0 
1.0 	1.0 
3.0 	3.0 
148301866.0 	1000000.0 
153750754.0 	1000000.0 
715.0 	94.0 
1.0 	1.0 
1.0 	1.0 
215832.0 	2919.0 
2339.0 	258.0 
159.0 	32.0 
2.0 	2.0 
359769720.0 	1000000.0 
6985.0 	354.0 
3.0 	3.0 
1.0 	1.0 
1579.0 	222.0 
1.0 	1.0 
1.0 	1.0 
282.0 	75.0 
1.0 	1.0 
3.0 	2.0 
358910014.0 	1000000.0 
1.0 	1.0 
9.0 	5.0 
147950005.0 	1000000.0 
155.0 	38.0 
33.0 	15.0 
1.0 	1.0 
19785.0 	848.0 
22.0 	8.0 
91.0 	25.0 
6.0 	4.0 
22202.0 	469.0 
359898013.0 	1000000.0 
1.0 	1.0 
2.0 	2.0 
1189.0 	96.0 
844.0 	128.0 
359959556.0 	1000000.0 
1.0 	1.0 
1.0 	1.0 
24.0 	9.0 
44.0 	17.0 
269481186.0 	1000000.0 
2.0 	2.0 
3.0 	2.0 
11.0 	9.0 
2.0 	2.0 
478096.0 	5929.0 
196.0 	39.0 
29.0 	10.0 
13.0 	6.0 
23887.0 	1280.0 
2.0 	2.0 
1130.0 	110.0 
80.0 	26.0 
3.0 	3.0 
1.0 	1.0 
1433.0 	155.0 
10.0 	4.0 
7.0 	5.0 
1.0 	1.0 
1.0 	1.0 
38.0 	18.0 
135.0 	35.0 
1.0 	1.0 
65.0 	15.0 
1.0 	1.0 
6.0 	4.0 
28453.0 	1244.0 
1.0 	1.0 
1.0 	1.0 
268.0 	48.0 
1.0 	1.0 
2.0 	2.0 
1.0 	1.0 
